0 0.1691842900302115 0.6477272727272727 0.1691842900302115 0.41363636363636364
0 0.3685800604229607 0.6477272727272727 0.19939577039274925 0.4409090909090909
0 0.5422960725075529 0.6681818181818182 0.1540785498489426 0.3181818181818182
0 0.6540785498489426 0.7068181818181818 0.05740181268882175 0.1318181818181818
0 0.7583081570996979 0.675 0.09667673716012085 0.25
0 0.8323262839879154 0.6477272727272727 0.18429003021148035 0.35909090909090907
0 0.04380664652567976 0.7 0.0634441087613293 0.12727272727272726
0 0.29154078549848944 0.7090909090909091 0.05740181268882175 0.12727272727272726
0 0.24622356495468278 0.7022727272727273 0.03927492447129909 0.10454545454545454
1 0.3459214501510574 0.8090909090909091 0.03927492447129909 0.10909090909090909
