3 0.7984375 0.11875 0.059375 0.07083333333333333
3 0.7359375 0.23645833333333333 0.075 0.05625
3 0.81953125 0.18645833333333334 0.0984375 0.04791666666666667
3 0.58671875 0.31354166666666666 0.1078125 0.08958333333333333
3 0.53359375 0.17395833333333333 0.1359375 0.08125
3 0.57734375 0.14166666666666666 0.0859375 0.058333333333333334
3 0.50625 0.08854166666666667 0.05 0.04791666666666667
3 0.2609375 0.49583333333333335 0.196875 0.07083333333333333
3 0.1234375 0.2791666666666667 0.153125 0.0875
3 0.3265625 0.19791666666666666 0.084375 0.075
3 0.33125 0.271875 0.10625 0.07708333333333334
3 0.2265625 0.19166666666666668 0.1375 0.11666666666666667
3 0.603125 0.5354166666666667 0.165625 0.125
3 0.64375 0.684375 0.178125 0.08125
3 0.10546875 0.44583333333333336 0.2015625 0.1125
3 0.1453125 0.36875 0.0875 0.06666666666666667
3 0.29453125 0.33229166666666665 0.1015625 0.08125
3 0.21796875 0.3614583333333333 0.1046875 0.08541666666666667
3 0.86796875 0.559375 0.0453125 0.052083333333333336
