2 0.5734375 0.5875 0.234375 0.12916666666666668
2 0.1546875 0.5677083333333334 0.13125 0.07708333333333334
1 0.2484375 0.5520833333333334 0.028125 0.075
1 0.31484375 0.5427083333333333 0.0359375 0.07708333333333334
1 0.86015625 0.5791666666666667 0.0234375 0.0625
1 0.89140625 0.5604166666666667 0.0265625 0.041666666666666664
1 0.50859375 0.56875 0.0234375 0.041666666666666664
1 0.140625 0.559375 0.071875 0.035416666666666666
1 0.0421875 0.5375 0.03125 0.06666666666666667
1 0.7625 0.5458333333333333 0.01875 0.058333333333333334
1 0.74375 0.54375 0.015625 0.05416666666666667
1 0.71875 0.5395833333333333 0.015625 0.04583333333333333
1 0.7 0.5416666666666666 0.015625 0.05416666666666667
