0 0.42138671875 0.44622093023255816 0.2978515625 0.6133720930232558
0 0.77734375 0.5167151162790697 0.37109375 0.7979651162790697
2 0.73681640625 0.9614825581395349 0.1201171875 0.056686046511627904
2 0.5791015625 0.21511627906976744 0.068359375 0.040697674418604654
2 0.67138671875 0.22965116279069767 0.0302734375 0.0377906976744186
2 0.8203125 0.20276162790697674 0.046875 0.030523255813953487
2 0.88671875 0.2180232558139535 0.04296875 0.061046511627906974
2 0.95556640625 0.20784883720930233 0.0478515625 0.03488372093023256
2 0.1064453125 0.22965116279069767 0.048828125 0.029069767441860465
2 0.0498046875 0.22601744186046513 0.048828125 0.030523255813953487
2 0.20849609375 0.14898255813953487 0.0634765625 0.04796511627906977
2 0.2724609375 0.20494186046511628 0.083984375 0.06686046511627906
2 0.49658203125 0.11627906976744186 0.0830078125 0.04941860465116279
2 0.42431640625 0.17587209302325582 0.0283203125 0.0377906976744186
2 0.4853515625 0.14970930232558138 0.037109375 0.023255813953488372
2 0.0419921875 0.1620639534883721 0.044921875 0.030523255813953487
2 0.68017578125 0.13880813953488372 0.0595703125 0.04215116279069767
