0 0.17333333333333334 0.5863733905579399 0.30266666666666664 0.7371244635193133
0 0.6633333333333333 0.6802575107296137 0.19466666666666665 0.5214592274678111
0 0.9556666666666667 0.7950643776824035 0.086 0.22532188841201717
0 0.798 0.7725321888412017 0.12533333333333332 0.2875536480686695
0 0.5106666666666667 0.7837982832618026 0.11066666666666666 0.2757510729613734
0 0.37666666666666665 0.628755364806867 0.216 0.6545064377682404
0 0.8633333333333333 0.7918454935622318 0.116 0.2575107296137339
1 0.15533333333333332 0.8701716738197425 0.025333333333333333 0.06223175965665236
1 0.17333333333333334 0.8728540772532188 0.02 0.059012875536480686
1 0.20533333333333334 0.8739270386266095 0.021333333333333333 0.059012875536480686
1 0.194 0.875 0.016 0.06330472103004292
1 0.12566666666666668 0.8648068669527897 0.023333333333333334 0.03862660944206009
1 0.10166666666666667 0.8664163090128756 0.023333333333333334 0.04184549356223176
1 0.08 0.8728540772532188 0.018666666666666668 0.04184549356223176
1 0.345 0.8905579399141631 0.022 0.04935622317596566
1 0.3586666666666667 0.8707081545064378 0.021333333333333333 0.03969957081545064
1 0.37 0.8921673819742489 0.014666666666666666 0.048283261802575105
1 0.38666666666666666 0.8948497854077253 0.016 0.045064377682403435
1 0.401 0.8873390557939914 0.018 0.04291845493562232
1 0.6433333333333333 0.880901287553648 0.013333333333333334 0.03862660944206009
1 0.6346666666666667 0.8825107296137339 0.014666666666666666 0.03755364806866953
1 0.663 0.8841201716738197 0.018 0.045064377682403435
1 0.653 0.8792918454935622 0.012666666666666666 0.04184549356223176
1 0.696 0.8916309012875536 0.014666666666666666 0.04291845493562232
1 0.673 0.8841201716738197 0.011333333333333334 0.03862660944206009
1 0.6803333333333333 0.8835836909871244 0.011333333333333334 0.03969957081545064
1 0.6876666666666666 0.8835836909871244 0.008666666666666666 0.03755364806866953
1 0.62 0.8744635193133047 0.014666666666666666 0.027896995708154508
