1 0.6263269639065817 0.7024193548387097 0.03184713375796178 0.07580645161290323
1 0.6788747346072187 0.6887096774193548 0.0435244161358811 0.08387096774193549
1 0.8487261146496815 0.7217741935483871 0.037154989384288746 0.11774193548387096
0 0.5084925690021231 0.47419354838709676 0.8895966029723992 0.9451612903225807
1 0.7128450106157113 0.7516129032258064 0.049893842887473464 0.08064516129032258
1 0.6666666666666666 0.7540322580645161 0.040339702760084924 0.07258064516129033
1 0.7643312101910829 0.7379032258064516 0.07855626326963906 0.17258064516129032
1 0.7542462845010616 0.6870967741935484 0.05201698513800425 0.1064516129032258
1 0.7064755838641189 0.7217741935483871 0.028662420382165606 0.06612903225806452
1 0.8720806794055201 0.7330645161290322 0.03078556263269639 0.10161290322580645
