0 0.45859375 0.5175644028103045 0.2546875 0.6557377049180327
0 0.63125 0.5515222482435597 0.175 0.5737704918032787
1 0.3546875 0.7459016393442623 0.0375 0.0585480093676815
1 0.3921875 0.7412177985948478 0.034375 0.06323185011709602
1 0.42890625 0.752927400468384 0.0328125 0.04449648711943794
1 0.5328125 0.7388758782201406 0.0375 0.10070257611241218
1 0.5 0.7634660421545667 0.03125 0.06088992974238876
1 0.475 0.7505854800936768 0.028125 0.06791569086651054
1 0.6421875 0.7611241217798594 0.03125 0.06088992974238876
1 0.59296875 0.7517564402810304 0.0171875 0.0468384074941452
1 0.58046875 0.7576112412177985 0.0234375 0.04449648711943794
