0 0.42333984375 0.4425872093023256 0.2919921875 0.6119186046511628
0 0.77392578125 0.5167151162790697 0.3818359375 0.815406976744186
6 0.5068359375 0.11773255813953488 0.095703125 0.055232558139534885
6 0.82080078125 0.20130813953488372 0.0419921875 0.036337209302325583
6 0.6875 0.1380813953488372 0.06640625 0.055232558139534885
6 0.2099609375 0.14098837209302326 0.064453125 0.055232558139534885
2 0.736328125 0.9549418604651163 0.13671875 0.06976744186046512
2 0.10498046875 0.22747093023255813 0.0498046875 0.03924418604651163
2 0.57958984375 0.21584302325581395 0.0673828125 0.04215116279069767
2 0.89013671875 0.21438953488372092 0.0380859375 0.059593023255813955
2 0.36181640625 0.2805232558139535 0.1591796875 0.0436046511627907
2 0.28369140625 0.20712209302325582 0.0810546875 0.07994186046511628
2 0.05126953125 0.22747093023255813 0.0537109375 0.036337209302325583
2 0.466796875 0.9760174418604651 0.126953125 0.04796511627906977
2 0.0380859375 0.1620639534883721 0.04296875 0.03343023255813953
2 0.42578125 0.1744186046511628 0.03515625 0.03488372093023256
