0 0.76 0.5645363408521303 0.07333333333333333 0.18421052631578946
0 0.95375 0.6033834586466166 0.035833333333333335 0.10150375939849623
0 0.5041666666666667 0.5200501253132832 0.13833333333333334 0.3308270676691729
0 0.15875 0.5507518796992481 0.050833333333333335 0.22431077694235588
0 0.26125 0.5989974937343359 0.0425 0.11528822055137844
0 0.35083333333333333 0.5588972431077694 0.065 0.20551378446115287
0 0.41541666666666666 0.581453634085213 0.05583333333333333 0.15037593984962405
0 0.03375 0.581453634085213 0.06416666666666666 0.18796992481203006
0 0.82125 0.6171679197994987 0.0225 0.07894736842105263
0 0.8025 0.6177944862155389 0.023333333333333334 0.06766917293233082
