0 0.2763676148796499 0.5422987164527421 0.32603938730853393 0.5746791131855309
0 0.4774617067833698 0.6000583430571762 0.07964989059080962 0.20711785297549593
0 0.7516411378555798 0.5166277712952159 0.37768052516411377 0.5770128354725788
1 0.6884026258205689 0.7698366394399067 0.04463894967177243 0.10093348891481914
1 0.7757111597374179 0.7873395565927654 0.04682713347921225 0.1102683780630105
1 0.8973741794310722 0.7957992998833139 0.029321663019693654 0.08284714119019837
1 0.5575492341356674 0.7476662777129521 0.02800875273522976 0.11376896149358226
1 0.5803063457330416 0.7199533255542591 0.02888402625820569 0.07934655775962661
1 0.11947483588621444 0.8850641773628938 0.06827133479212254 0.14002333722287047
1 0.014442013129102845 0.912485414235706 0.027133479212253828 0.06534422403733955
1 0.3275711159737418 0.7774212368728122 0.052078774617067836 0.11143523920653442
1 0.5225382932166301 0.677362893815636 0.02013129102844639 0.03500583430571762
1 0.8853391684901531 0.719369894982497 0.02450765864332604 0.10385064177362893
1 0.8603938730853392 0.7342473745624271 0.02888402625820569 0.08693115519253208
1 0.44529540481400437 0.6796966161026837 0.021444201312910284 0.043173862310385065
1 0.7553610503282275 0.911610268378063 0.05864332603938731 0.040256709451575265
1 0.06914660831509847 0.676779463243874 0.01312910284463895 0.03150525087514586
1 0.05776805251641138 0.6782380396732789 0.01663019693654267 0.03442240373395566
1 0.08468271334792123 0.6289381563593932 0.009190371991247264 0.021003500583430573
0 0.09409190371991247 0.6120186697782963 0.02363238512035011 0.0676779463243874
