9 0.34521484375 0.4887152777777778 0.1904296875 0.3524305555555556
9 0.6201171875 0.3567708333333333 0.34765625 0.3315972222222222
9 0.57177734375 0.7491319444444444 0.1455078125 0.1892361111111111
9 0.47509765625 0.6423611111111112 0.0517578125 0.10416666666666667
9 0.265625 0.7473958333333334 0.072265625 0.14756944444444445
9 0.16015625 0.6649305555555556 0.072265625 0.15625
9 0.3701171875 0.6675347222222222 0.1015625 0.15104166666666666
9 0.482421875 0.5434027777777778 0.052734375 0.07291666666666667
9 0.72314453125 0.5199652777777778 0.2978515625 0.2864583333333333
9 0.68212890625 0.6475694444444444 0.1611328125 0.1527777777777778
9 0.556640625 0.6189236111111112 0.080078125 0.10243055555555555
9 0.869140625 0.6440972222222222 0.123046875 0.09375
