8 0.409 0.45795795795795796 0.546 0.5435435435435435
2 0.098 0.6786786786786787 0.056 0.042042042042042045
2 0.765 0.6606606606606606 0.118 0.09009009009009009
2 0.883 0.6561561561561562 0.106 0.07507507507507508
1 0.236 0.8168168168168168 0.056 0.1921921921921922
1 0.283 0.8108108108108109 0.054 0.21021021021021022
1 0.33 0.8123123123123123 0.044 0.2072072072072072
1 0.373 0.7882882882882883 0.054 0.17717717717717718
1 0.431 0.8063063063063063 0.046 0.16516516516516516
1 0.775 0.8138138138138138 0.066 0.2222222222222222
1 0.839 0.7912912912912913 0.042 0.14114114114114115
1 0.882 0.7882882882882883 0.072 0.2072072072072072
1 0.499 0.7657657657657657 0.038 0.0960960960960961
1 0.529 0.7507507507507507 0.038 0.07807807807807808
1 0.56 0.7567567567567568 0.044 0.0960960960960961
1 0.585 0.7672672672672672 0.05 0.14714714714714713
1 0.627 0.7957957957957958 0.038 0.1921921921921922
1 0.671 0.7987987987987988 0.054 0.21021021021021022
1 0.142 0.9204204204204204 0.116 0.15315315315315314
1 0.468 0.8963963963963963 0.056 0.1891891891891892
1 0.072 0.9324324324324325 0.056 0.10510510510510511
