8 0.1564705882352941 0.5696649029982364 0.2447058823529412 0.10229276895943562
8 0.27705882352941175 0.6225749559082893 0.26 0.1164021164021164
8 0.5388235294117647 0.7142857142857143 0.6 0.20105820105820105
8 0.7617647058823529 0.5687830687830688 0.18941176470588236 0.07936507936507936
8 0.47 0.5317460317460317 0.14705882352941177 0.06878306878306878
8 0.42764705882352944 0.49029982363315694 0.18470588235294116 0.06701940035273368
8 0.2511764705882353 0.4347442680776014 0.18235294117647058 0.07583774250440917
8 0.06411764705882353 0.3880070546737213 0.12588235294117647 0.06701940035273368
8 0.548235294117647 0.43915343915343913 0.14588235294117646 0.04585537918871252
8 0.6188235294117647 0.3544973544973545 0.24 0.08465608465608465
8 0.07294117647058823 0.32098765432098764 0.14352941176470588 0.06701940035273368
