8 0.49875 0.44756554307116103 0.9875 0.7528089887640449
1 0.32375 0.49250936329588013 0.0375 0.06367041198501873
1 0.37125 0.4887640449438202 0.0325 0.07116104868913857
1 0.4475 0.4887640449438202 0.03 0.07116104868913857
1 0.20375 0.47752808988764045 0.0275 0.056179775280898875
1 0.10125 0.46441947565543074 0.0425 0.0449438202247191
1 0.54125 0.4868913857677903 0.0175 0.0599250936329588
1 0.50375 0.49063670411985016 0.0225 0.0599250936329588
1 0.48875 0.49063670411985016 0.0225 0.0599250936329588
1 0.47375 0.4943820224719101 0.0225 0.0599250936329588
