2 0.5358333333333334 0.53 0.9016666666666666 0.44222222222222224
1 0.2966666666666667 0.5288888888888889 0.08 0.14222222222222222
1 0.33916666666666667 0.5066666666666667 0.03833333333333333 0.1288888888888889
1 0.4 0.5511111111111111 0.07 0.1111111111111111
1 0.5008333333333334 0.5577777777777778 0.065 0.12444444444444444
1 0.5341666666666667 0.5577777777777778 0.07166666666666667 0.10666666666666667
1 0.42833333333333334 0.5 0.03666666666666667 0.08888888888888889
1 0.4666666666666667 0.5077777777777778 0.03333333333333333 0.08222222222222222
1 0.5491666666666667 0.4922222222222222 0.045 0.08222222222222222
1 0.6983333333333334 0.5588888888888889 0.07 0.1711111111111111
