7 0.2982456140350877 0.23472222222222222 0.07719298245614035 0.041666666666666664
7 0.29210526315789476 0.21388888888888888 0.0824561403508772 0.022222222222222223
7 0.3850877192982456 0.21666666666666667 0.07894736842105263 0.03333333333333333
7 0.5561403508771929 0.3125 0.10526315789473684 0.05277777777777778
7 0.7008771929824561 0.17777777777777778 0.09649122807017543 0.05
7 0.8114035087719298 0.19444444444444445 0.11754385964912281 0.05555555555555555
7 0.8280701754385965 0.1597222222222222 0.10526315789473684 0.03611111111111111
7 0.3105263157894737 0.6291666666666667 0.22807017543859648 0.11944444444444445
7 0.47982456140350876 0.6736111111111112 0.2649122807017544 0.14166666666666666
7 0.31491228070175437 0.8569444444444444 0.34210526315789475 0.20277777777777778
