7 0.33 0.5838414634146342 0.6563636363636364 0.4420731707317073
7 0.5863636363636363 0.524390243902439 0.5618181818181818 0.24390243902439024
7 0.7672727272727272 0.5228658536585366 0.39636363636363636 0.18597560975609756
1 0.7390909090909091 0.7942073170731707 0.06363636363636363 0.2652439024390244
1 0.7845454545454545 0.8003048780487805 0.07818181818181819 0.27134146341463417
1 0.8363636363636363 0.774390243902439 0.06181818181818182 0.25609756097560976
1 0.8690909090909091 0.7652439024390244 0.04727272727272727 0.22560975609756098
1 0.9154545454545454 0.7439024390243902 0.034545454545454546 0.20121951219512196
1 0.9309090909090909 0.725609756097561 0.02181818181818182 0.17682926829268292
1 0.9445454545454546 0.7088414634146342 0.016363636363636365 0.1676829268292683
1 0.96 0.7103658536585366 0.03272727272727273 0.17073170731707318
1 0.9772727272727273 0.6875 0.02727272727272727 0.13109756097560976
