2 0.36 0.536036036036036 0.128 0.11711711711711711
2 0.266 0.8348348348348348 0.296 0.3303303303303303
2 0.494 0.4864864864864865 0.112 0.09009009009009009
2 0.71 0.5585585585585585 0.188 0.16816816816816818
2 0.907 0.521021021021021 0.17 0.11711711711711711
2 0.637 0.42792792792792794 0.054 0.08708708708708708
2 0.955 0.4444444444444444 0.078 0.07207207207207207
2 0.789 0.3918918918918919 0.126 0.07507507507507508
2 0.077 0.3978978978978979 0.078 0.0990990990990991
2 0.18 0.3918918918918919 0.076 0.057057057057057055
2 0.91 0.37987987987987987 0.056 0.06306306306306306
2 0.488 0.36036036036036034 0.048 0.05405405405405406
2 0.594 0.33933933933933935 0.028 0.036036036036036036
2 0.642 0.36786786786786785 0.048 0.02702702702702703
2 0.3 0.33483483483483484 0.024 0.03903903903903904
