2 0.15084745762711865 0.6112637362637363 0.15254237288135594 0.29395604395604397
2 0.43559322033898307 0.4230769230769231 0.1152542372881356 0.21428571428571427
2 0.2966101694915254 0.38186813186813184 0.11864406779661017 0.21428571428571427
2 0.19406779661016949 0.38461538461538464 0.11016949152542373 0.14835164835164835
2 0.2364406779661017 0.23214285714285715 0.08644067796610169 0.11263736263736264
2 0.5432203389830509 0.23351648351648352 0.06610169491525424 0.13186813186813187
2 0.6033898305084746 0.21565934065934067 0.061016949152542375 0.10164835164835165
2 0.8364406779661017 0.29120879120879123 0.07627118644067797 0.12087912087912088
2 0.9338983050847458 0.25137362637362637 0.06440677966101695 0.1346153846153846
2 0.8754237288135593 0.17445054945054944 0.04576271186440678 0.11813186813186813
2 0.7338983050847457 0.11675824175824176 0.03728813559322034 0.08516483516483517
2 0.6889830508474576 0.5769230769230769 0.12372881355932204 0.25824175824175827
2 0.8762711864406779 0.49175824175824173 0.1016949152542373 0.2032967032967033
2 0.747457627118644 0.8255494505494505 0.19322033898305085 0.29395604395604397
2 0.3423728813559322 0.8461538461538461 0.2135593220338983 0.3076923076923077
2 0.06694915254237288 0.1717032967032967 0.08983050847457627 0.11813186813186813
2 0.576271186440678 0.14423076923076922 0.04406779661016949 0.08516483516483517
2 0.10847457627118644 0.057692307692307696 0.030508474576271188 0.06043956043956044
2 0.19322033898305085 0.057692307692307696 0.04745762711864407 0.06043956043956044
2 0.31864406779661014 0.07005494505494506 0.03728813559322034 0.057692307692307696
2 0.3864406779661017 0.06593406593406594 0.03389830508474576 0.07142857142857142
2 0.4728813559322034 0.08241758241758242 0.04067796610169491 0.04945054945054945
2 0.411864406779661 0.04532967032967033 0.03389830508474576 0.06318681318681318
2 0.6245762711864407 0.09203296703296704 0.03898305084745763 0.06868131868131869
2 0.5711864406779661 0.07280219780219781 0.04067796610169491 0.03571428571428571
2 0.7296610169491525 0.054945054945054944 0.0423728813559322 0.04395604395604396
2 0.6635593220338983 0.0521978021978022 0.03220338983050847 0.04395604395604396
2 0.8076271186440678 0.027472527472527472 0.06610169491525424 0.04945054945054945
2 0.8949152542372881 0.0260989010989011 0.07796610169491526 0.046703296703296704
