2 0.07666666666666666 0.5762081784386617 0.11777777777777777 0.37174721189591076
2 0.3011111111111111 0.6189591078066915 0.13555555555555557 0.3680297397769517
2 0.5133333333333333 0.7472118959107806 0.13777777777777778 0.3643122676579926
2 0.8488888888888889 0.7565055762081785 0.17777777777777778 0.25650557620817843
2 0.8588888888888889 0.5817843866171004 0.12222222222222222 0.17472118959107807
2 0.9511111111111111 0.4107806691449814 0.08 0.11524163568773234
2 0.7155555555555555 0.3643122676579926 0.06666666666666667 0.14869888475836432
2 0.4722222222222222 0.36617100371747213 0.06444444444444444 0.17472118959107807
2 0.3988888888888889 0.2825278810408922 0.051111111111111114 0.05204460966542751
2 0.8277777777777777 0.25464684014869887 0.06888888888888889 0.09293680297397769
