2 0.36342592592592593 0.721604938271605 0.2212962962962963 0.38641975308641974
1 0.30972222222222223 0.6598765432098765 0.05648148148148148 0.13209876543209875
1 0.39166666666666666 0.7419753086419754 0.05 0.11604938271604938
1 0.2824074074074074 0.6166666666666667 0.037037037037037035 0.10246913580246914
1 0.5060185185185185 0.5888888888888889 0.030555555555555555 0.09382716049382717
1 0.5740740740740741 0.5950617283950618 0.03148148148148148 0.1037037037037037
1 0.5550925925925926 0.6018518518518519 0.032407407407407406 0.07530864197530865
2 0.5587962962962963 0.6092592592592593 0.16203703703703703 0.26296296296296295
2 0.41759259259259257 0.4339506172839506 0.07222222222222222 0.04567901234567901
2 0.30925925925925923 0.458641975308642 0.07592592592592592 0.09012345679012346
2 0.17083333333333334 0.42530864197530865 0.10092592592592593 0.17160493827160495
2 0.06851851851851852 0.4308641975308642 0.09444444444444444 0.19012345679012346
2 0.6888888888888889 0.4444444444444444 0.1574074074074074 0.09876543209876543
2 0.7416666666666667 0.49135802469135803 0.1037037037037037 0.07407407407407407
2 0.8226851851851852 0.48333333333333334 0.09166666666666666 0.08518518518518518
2 0.9 0.48271604938271606 0.09814814814814815 0.07654320987654321
2 0.5171296296296296 0.4160493827160494 0.04351851851851852 0.03950617283950617
2 0.3490740740740741 0.4388888888888889 0.03148148148148148 0.03580246913580247
