2 0.2427777777777778 0.4575 0.17666666666666667 0.09166666666666666
2 0.10888888888888888 0.7291666666666666 0.20666666666666667 0.145
2 0.29055555555555557 0.36666666666666664 0.052222222222222225 0.09
2 0.47 0.14416666666666667 0.04666666666666667 0.04833333333333333
2 0.5638888888888889 0.08583333333333333 0.043333333333333335 0.04833333333333333
2 0.7055555555555556 0.08583333333333333 0.042222222222222223 0.04833333333333333
2 0.4077777777777778 0.0625 0.03111111111111111 0.03833333333333333
2 0.8027777777777778 0.04583333333333333 0.05444444444444444 0.041666666666666664
2 0.9666666666666667 0.09416666666666666 0.06666666666666667 0.03833333333333333
2 0.7394444444444445 0.02 0.04555555555555556 0.02666666666666667
7 0.725 0.6316666666666667 0.4255555555555556 0.32
