2 0.41 0.46536144578313254 0.272 0.24397590361445784
2 0.71 0.7725903614457831 0.476 0.3704819277108434
2 0.236 0.7153614457831325 0.468 0.45481927710843373
2 0.637 0.4578313253012048 0.286 0.1927710843373494
2 0.78 0.3990963855421687 0.436 0.286144578313253
2 0.24 0.2786144578313253 0.168 0.14156626506024098
2 0.313 0.23493975903614459 0.142 0.1144578313253012
2 0.101 0.1355421686746988 0.118 0.12048192771084337
2 0.243 0.14457831325301204 0.098 0.08433734939759036
2 0.511 0.15813253012048192 0.122 0.09337349397590361
2 0.507 0.07379518072289157 0.09 0.06927710843373494
2 0.772 0.14759036144578314 0.152 0.13253012048192772
