2 0.236 0.7302839116719243 0.14 0.24290220820189273
2 0.39 0.49369085173501576 0.08 0.14195583596214512
2 0.587 0.4668769716088328 0.062 0.14511041009463724
2 0.448 0.7334384858044164 0.12 0.2618296529968454
2 0.54 0.61198738170347 0.116 0.15772870662460567
2 0.767 0.5063091482649842 0.086 0.14826498422712933
2 0.862 0.7570977917981072 0.184 0.26498422712933756
2 0.878 0.6041009463722398 0.116 0.21766561514195584
2 0.061 0.45741324921135645 0.082 0.15141955835962145
2 0.112 0.3580441640378549 0.048 0.11041009463722397
2 0.208 0.4022082018927445 0.064 0.11041009463722397
2 0.408 0.39274447949526814 0.056 0.10410094637223975
2 0.452 0.3722397476340694 0.052 0.10094637223974763
2 0.53 0.38958990536277605 0.056 0.08517350157728706
2 0.811 0.4148264984227129 0.07 0.12933753943217666
2 0.893 0.3943217665615142 0.066 0.11987381703470032
