1 0.60078125 0.5538641686182669 0.3046875 0.892271662763466
1 0.17890625 0.4929742388758782 0.1765625 0.1990632318501171
1 0.25859375 0.4262295081967213 0.1359375 0.3185011709601874
1 0.4140625 0.5105386416861827 0.165625 0.1686182669789227
1 0.403125 0.41920374707259955 0.171875 0.2857142857142857
1 0.0609375 0.405152224824356 0.11875 0.3840749414519906
1 0.925 0.33138173302107726 0.15 0.5269320843091335
1 0.83515625 0.3770491803278688 0.0984375 0.41217798594847777
1 0.2625 0.27400468384074944 0.109375 0.22950819672131148
1 0.10390625 0.3430913348946136 0.1234375 0.36768149882903983
1 0.16796875 0.3044496487119438 0.0921875 0.2576112412177986
1 0.41875 0.32435597189695553 0.15625 0.3629976580796253
