1 0.5604166666666667 0.42421875 0.22916666666666666 0.4140625
1 0.6114583333333333 0.26875 0.13958333333333334 0.134375
1 0.9072916666666667 0.13828125 0.07708333333333334 0.1078125
1 0.83125 0.1328125 0.10416666666666667 0.109375
1 0.7572916666666667 0.1359375 0.09375 0.10625
1 0.6770833333333334 0.13046875 0.09166666666666666 0.1109375
1 0.6104166666666667 0.1390625 0.0875 0.103125
1 0.5395833333333333 0.1453125 0.058333333333333334 0.08125
1 0.11666666666666667 0.14921875 0.09166666666666666 0.1015625
1 0.1875 0.14765625 0.0625 0.0921875
1 0.24479166666666666 0.14296875 0.08541666666666667 0.1015625
1 0.321875 0.13828125 0.07708333333333334 0.0984375
1 0.39791666666666664 0.14453125 0.07083333333333333 0.1046875
1 0.47291666666666665 0.14453125 0.07083333333333333 0.1046875
1 0.9677083333333333 0.13203125 0.06458333333333334 0.0953125
1 0.115625 0.090625 0.07708333333333334 0.078125
1 0.18645833333333334 0.08515625 0.05625 0.0734375
1 0.2552083333333333 0.08203125 0.06458333333333334 0.0734375
1 0.3260416666666667 0.084375 0.06458333333333334 0.05625
1 0.39895833333333336 0.07890625 0.06875 0.0484375
1 0.475 0.084375 0.09166666666666666 0.0625
1 0.540625 0.075 0.06041666666666667 0.059375
1 0.6083333333333333 0.0765625 0.06666666666666667 0.06875
1 0.675 0.0734375 0.0625 0.0625
1 0.7333333333333333 0.07421875 0.075 0.0640625
1 0.8177083333333334 0.0703125 0.07291666666666667 0.0625
1 0.884375 0.078125 0.06875 0.05625
1 0.95 0.0703125 0.06666666666666667 0.075
