3 0.21015625 0.7692307692307693 0.0765625 0.09615384615384616
3 0.15234375 0.65625 0.0828125 0.0673076923076923
3 0.36640625 0.453125 0.0578125 0.07932692307692307
3 0.35 0.4182692307692308 0.046875 0.10576923076923077
3 0.1 0.24158653846153846 0.06875 0.05048076923076923
3 0.5953125 0.20192307692307693 0.08125 0.09134615384615384
3 0.63359375 0.24759615384615385 0.0859375 0.10096153846153846
3 0.62421875 0.49278846153846156 0.0734375 0.10096153846153846
3 0.546875 0.6550480769230769 0.08125 0.055288461538461536
3 0.7296875 0.6081730769230769 0.075 0.10576923076923077
3 0.8546875 0.6201923076923077 0.121875 0.07211538461538461
