1 0.38596491228070173 0.60546875 0.7543859649122807 0.6421875
1 0.5263157894736842 0.31171875 0.32456140350877194 0.3890625
1 0.34978070175438597 0.23828125 0.1162280701754386 0.1953125
1 0.6732456140350878 0.28515625 0.13157894736842105 0.3296875
1 0.7532894736842105 0.30078125 0.1206140350877193 0.2859375
1 0.8530701754385965 0.08515625 0.08333333333333333 0.1171875
1 0.40460526315789475 0.09609375 0.046052631578947366 0.0640625
1 0.5098684210526315 0.10234375 0.046052631578947366 0.0671875
1 0.2708333333333333 0.09609375 0.041666666666666664 0.0609375
1 0.22149122807017543 0.08125 0.06140350877192982 0.09375
1 0.16337719298245615 0.08515625 0.07236842105263158 0.1046875
