1 0.44609375 0.7094117647058824 0.1296875 0.5576470588235294
1 0.25234375 0.8717647058823529 0.1703125 0.2564705882352941
1 0.584375 0.7811764705882352 0.128125 0.32
1 0.665625 0.8788235294117647 0.15625 0.24235294117647058
1 0.77109375 0.6235294117647059 0.2296875 0.7529411764705882
1 0.075 0.6717647058823529 0.146875 0.6470588235294118
1 0.19296875 0.7047058823529412 0.1234375 0.43058823529411766
1 0.28125 0.7294117647058823 0.096875 0.4752941176470588
1 0.34453125 0.6905882352941176 0.0828125 0.4588235294117647
1 0.51796875 0.44823529411764707 0.1046875 0.3458823529411765
1 0.6125 0.5058823529411764 0.096875 0.23529411764705882
1 0.6921875 0.5494117647058824 0.078125 0.2
1 0.65625 0.4364705882352941 0.065625 0.16705882352941176
1 0.7265625 0.4364705882352941 0.08125 0.19058823529411764
1 0.61015625 0.3411764705882353 0.0734375 0.16941176470588235
1 0.33046875 0.40588235294117647 0.0921875 0.14823529411764705
1 0.415625 0.42 0.0875 0.1011764705882353
1 0.1796875 0.4435294117647059 0.109375 0.2564705882352941
1 0.0765625 0.22 0.1375 0.3411764705882353
1 0.09609375 0.44941176470588234 0.1078125 0.46588235294117647
1 0.2734375 0.41411764705882353 0.084375 0.15058823529411763
1 0.7171875 0.30470588235294116 0.065625 0.17176470588235293
1 0.78359375 0.2223529411764706 0.0734375 0.09647058823529411
1 0.92265625 0.6329411764705882 0.1546875 0.691764705882353
