1 0.50078125 0.55 0.4921875 0.8375
1 0.07265625 0.321875 0.1390625 0.22708333333333333
1 0.228125 0.23854166666666668 0.146875 0.28125
1 0.253125 0.3729166666666667 0.1125 0.14166666666666666
1 0.3671875 0.346875 0.10625 0.17708333333333334
1 0.59609375 0.359375 0.1265625 0.16041666666666668
1 0.73203125 0.3614583333333333 0.1703125 0.16458333333333333
1 0.79609375 0.18645833333333334 0.1359375 0.18125
1 0.62890625 0.26979166666666665 0.1546875 0.27708333333333335
1 0.10625 0.22291666666666668 0.13125 0.2708333333333333
1 0.02890625 0.17291666666666666 0.0546875 0.14583333333333334
1 0.3125 0.096875 0.065625 0.08125
1 0.40625 0.09270833333333334 0.0875 0.10625
1 0.52421875 0.09270833333333334 0.0828125 0.11875
1 0.69296875 0.15520833333333334 0.1109375 0.15625
1 0.953125 0.134375 0.09375 0.18541666666666667
1 0.85390625 0.16458333333333333 0.0890625 0.18333333333333332
