1 0.4328125 0.5875 0.128125 0.5041666666666667
1 0.2203125 0.17395833333333333 0.090625 0.31875
1 0.36171875 0.21354166666666666 0.0765625 0.29791666666666666
1 0.45078125 0.17291666666666666 0.0609375 0.275
1 0.51171875 0.24479166666666666 0.0796875 0.29375
1 0.6234375 0.19895833333333332 0.075 0.3229166666666667
1 0.6640625 0.16666666666666666 0.065625 0.2916666666666667
1 0.725 0.14791666666666667 0.10625 0.275
1 0.86015625 0.153125 0.0609375 0.3020833333333333
1 0.89609375 0.1375 0.0546875 0.2708333333333333
