1 0.546875 0.7 0.125 0.35833333333333334
1 0.71015625 0.6802083333333333 0.0984375 0.33541666666666664
1 0.825 0.6177083333333333 0.0875 0.3145833333333333
1 0.14296875 0.68125 0.0859375 0.3625
1 0.2734375 0.5583333333333333 0.1125 0.2791666666666667
1 0.03515625 0.5770833333333333 0.0640625 0.3
1 0.9609375 0.60625 0.078125 0.29583333333333334
1 0.353125 0.46145833333333336 0.040625 0.10208333333333333
1 0.3953125 0.47708333333333336 0.040625 0.10833333333333334
1 0.18046875 0.46458333333333335 0.0453125 0.10833333333333334
1 0.56640625 0.44166666666666665 0.0515625 0.1
1 0.725 0.46041666666666664 0.065625 0.10833333333333334
1 0.30859375 0.46979166666666666 0.0328125 0.08958333333333333
1 0.38671875 0.35833333333333334 0.0421875 0.09166666666666666
1 0.47109375 0.4479166666666667 0.0484375 0.1
1 0.43125 0.4197916666666667 0.0375 0.09375
1 0.49609375 0.32395833333333335 0.0671875 0.09375
1 0.5859375 0.3145833333333333 0.0375 0.09583333333333334
