1 0.41484375 0.4114583333333333 0.2234375 0.55625
1 0.61875 0.5229166666666667 0.28125 0.625
1 0.87578125 0.7322916666666667 0.2484375 0.51875
1 0.28203125 0.378125 0.2078125 0.47291666666666665
1 0.17578125 0.353125 0.1359375 0.38958333333333334
1 0.11796875 0.29270833333333335 0.1421875 0.38958333333333334
1 0.32734375 0.16770833333333332 0.0484375 0.09375
1 0.27109375 0.165625 0.0421875 0.07708333333333334
1 0.12421875 0.184375 0.0328125 0.06041666666666667
1 0.04609375 0.33958333333333335 0.0890625 0.30416666666666664
1 0.03046875 0.18541666666666667 0.0578125 0.13333333333333333
