1 0.78828125 0.575 0.2421875 0.6
1 0.52265625 0.31666666666666665 0.0609375 0.1
1 0.5921875 0.30416666666666664 0.053125 0.07083333333333333
1 0.94765625 0.35104166666666664 0.0890625 0.13958333333333334
1 0.95546875 0.26666666666666666 0.0796875 0.10416666666666667
1 0.390625 0.3020833333333333 0.075 0.09583333333333334
1 0.3296875 0.290625 0.028125 0.08125
1 0.35625 0.2947916666666667 0.03125 0.08125
1 0.4671875 0.2833333333333333 0.065625 0.14166666666666666
1 0.48984375 0.3072916666666667 0.0359375 0.10208333333333333
1 0.60390625 0.2125 0.0578125 0.10833333333333334
1 0.6703125 0.11770833333333333 0.059375 0.09791666666666667
1 0.76484375 0.084375 0.0578125 0.08541666666666667
1 0.7171875 0.08125 0.0375 0.08333333333333333
1 0.5109375 0.16041666666666668 0.04375 0.1
1 0.5375 0.16458333333333333 0.0375 0.08333333333333333
1 0.5734375 0.165625 0.040625 0.06875
1 0.39609375 0.084375 0.0765625 0.08541666666666667
1 0.10859375 0.11875 0.0765625 0.20833333333333334
1 0.2359375 0.2875 0.053125 0.075
1 0.2703125 0.27395833333333336 0.0375 0.09375
1 0.17578125 0.28125 0.0421875 0.08333333333333333
1 0.54765625 0.09375 0.0515625 0.0625
1 0.596875 0.10416666666666667 0.0375 0.058333333333333334
1 0.6296875 0.057291666666666664 0.04375 0.04375
1 0.62421875 0.11145833333333334 0.0484375 0.07708333333333334
1 0.7921875 0.21145833333333333 0.04375 0.13125
1 0.7359375 0.20104166666666667 0.071875 0.11875
1 0.834375 0.21458333333333332 0.046875 0.11666666666666667
1 0.87421875 0.22083333333333333 0.0546875 0.125
1 0.91171875 0.21145833333333333 0.0546875 0.09375
1 0.91875 0.16145833333333334 0.046875 0.08125
1 0.9859375 0.1625 0.028125 0.0875
1 0.965625 0.16145833333333334 0.034375 0.08125
1 0.878125 0.17083333333333334 0.05 0.09583333333333334
1 0.825 0.15520833333333334 0.053125 0.06875
1 0.8546875 0.10208333333333333 0.078125 0.0875
1 0.9140625 0.11354166666666667 0.05 0.08958333333333333
1 0.95625 0.09479166666666666 0.028125 0.06875
1 0.98984375 0.08125 0.0203125 0.09166666666666666
1 0.2109375 0.178125 0.084375 0.06875
