1 0.43984375 0.6878306878306878 0.1734375 0.42857142857142855
1 0.62890625 0.7605820105820106 0.1515625 0.2724867724867725
1 0.765625 0.7605820105820106 0.140625 0.3306878306878307
1 0.8140625 0.1917989417989418 0.071875 0.2619047619047619
1 0.8703125 0.20767195767195767 0.0625 0.24603174603174602
1 0.68125 0.167989417989418 0.10625 0.24603174603174602
1 0.5875 0.15079365079365079 0.090625 0.23809523809523808
1 0.50390625 0.13227513227513227 0.0984375 0.23809523809523808
1 0.46015625 0.1626984126984127 0.0765625 0.15079365079365079
1 0.96640625 0.21428571428571427 0.0609375 0.21164021164021163
