1 0.372 0.49130434782608695 0.24 0.9188405797101449
1 0.095 0.2028985507246377 0.07 0.14492753623188406
1 0.167 0.2579710144927536 0.034 0.0463768115942029
1 0.206 0.2536231884057971 0.032 0.04927536231884058
1 0.138 0.22028985507246376 0.036 0.11014492753623188
1 0.169 0.2144927536231884 0.046 0.08115942028985507
1 0.262 0.22753623188405797 0.044 0.11304347826086956
1 0.579 0.2608695652173913 0.042 0.057971014492753624
1 0.529 0.2594202898550725 0.046 0.05507246376811594
1 0.489 0.26231884057971017 0.03 0.03768115942028986
1 0.638 0.2289855072463768 0.04 0.08695652173913043
1 0.798 0.23333333333333334 0.04 0.06666666666666667
1 0.833 0.2217391304347826 0.034 0.08985507246376812
