1 0.6296875 0.5270833333333333 0.109375 0.1375
1 0.525 0.48333333333333334 0.0875 0.125
1 0.4421875 0.440625 0.1 0.13125
1 0.35859375 0.409375 0.0921875 0.12708333333333333
1 0.2765625 0.375 0.09375 0.12083333333333333
1 0.2015625 0.33645833333333336 0.09375 0.11875
1 0.1359375 0.30833333333333335 0.090625 0.10416666666666667
1 0.06875 0.27291666666666664 0.08125 0.11666666666666667
1 0.45546875 0.10416666666666667 0.0484375 0.07083333333333333
1 0.53203125 0.11979166666666667 0.0703125 0.10208333333333333
1 0.60234375 0.140625 0.0859375 0.09375
1 0.67421875 0.15833333333333333 0.0796875 0.1125
1 0.75390625 0.184375 0.0796875 0.10208333333333333
1 0.82265625 0.20729166666666668 0.0890625 0.11041666666666666
1 0.91640625 0.23645833333333333 0.0953125 0.10625
