1 0.58125 0.7652582159624414 0.121875 0.2300469483568075
1 0.39453125 0.1596244131455399 0.0421875 0.18309859154929578
1 0.36328125 0.13262910798122066 0.0328125 0.15258215962441316
1 0.33125 0.12323943661971831 0.034375 0.1056338028169014
1 0.30234375 0.1607981220657277 0.0546875 0.176056338028169
1 0.43984375 0.15375586854460094 0.0359375 0.1572769953051643
1 0.4765625 0.1467136150234742 0.028125 0.176056338028169
1 0.55703125 0.1643192488262911 0.0359375 0.1784037558685446
1 0.52421875 0.1596244131455399 0.0390625 0.16901408450704225
1 0.49765625 0.15610328638497653 0.0265625 0.1572769953051643
1 0.5890625 0.1619718309859155 0.025 0.17370892018779344
1 0.62890625 0.1619718309859155 0.0390625 0.1784037558685446
1 0.66484375 0.1643192488262911 0.0234375 0.1643192488262911
1 0.6984375 0.20892018779342722 0.04375 0.10328638497652583
1 0.70625 0.1255868544600939 0.046875 0.11502347417840375
1 0.73828125 0.21713615023474178 0.0328125 0.09624413145539906
1 0.784375 0.19953051643192488 0.040625 0.18779342723004694
1 0.7453125 0.12441314553990611 0.034375 0.08450704225352113
1 0.7734375 0.18192488262910797 0.028125 0.19953051643192488
1 0.88046875 0.25 0.0671875 0.24178403755868544
1 0.87265625 0.1607981220657277 0.0328125 0.08685446009389672
1 0.82421875 0.215962441314554 0.0265625 0.20187793427230047
1 0.840625 0.215962441314554 0.0375 0.215962441314554
1 0.92890625 0.23943661971830985 0.0484375 0.24413145539906103
1 0.97421875 0.24882629107981222 0.0515625 0.24413145539906103
1 0.2640625 0.16901408450704225 0.034375 0.15492957746478872
1 0.2234375 0.16784037558685447 0.0375 0.176056338028169
1 0.1796875 0.19014084507042253 0.040625 0.18309859154929578
1 0.15546875 0.20774647887323944 0.0515625 0.1807511737089202
1 0.115625 0.20657276995305165 0.078125 0.19718309859154928
1 0.0484375 0.2535211267605634 0.065625 0.1643192488262911
1 0.02578125 0.3286384976525822 0.0484375 0.12206572769953052
