1 0.42777777777777776 0.33984375 0.4111111111111111 0.4328125
1 0.7152777777777778 0.56796875 0.4638888888888889 0.6578125
1 0.1486111111111111 0.24609375 0.11944444444444445 0.0921875
1 0.6638888888888889 0.23671875 0.10555555555555556 0.0671875
1 0.8833333333333333 0.24375 0.11666666666666667 0.065625
1 0.9597222222222223 0.23515625 0.08055555555555556 0.0828125
1 0.6694444444444444 0.2359375 0.09444444444444444 0.06875
1 0.12361111111111112 0.1953125 0.11388888888888889 0.090625
1 0.06805555555555555 0.16484375 0.11388888888888889 0.1015625
1 0.18194444444444444 0.16015625 0.10833333333333334 0.0984375
1 0.275 0.15390625 0.12777777777777777 0.0984375
1 0.4791666666666667 0.1484375 0.09722222222222222 0.084375
1 0.3736111111111111 0.1375 0.13055555555555556 0.09375
1 0.5736111111111111 0.13671875 0.09722222222222222 0.0796875
1 0.6472222222222223 0.13828125 0.08888888888888889 0.0796875
1 0.7291666666666666 0.13984375 0.09722222222222222 0.0828125
1 0.8194444444444444 0.13671875 0.10555555555555556 0.0921875
1 0.9125 0.13359375 0.09722222222222222 0.0703125
1 0.9638888888888889 0.1796875 0.07222222222222222 0.084375
1 0.8138888888888889 0.19140625 0.10555555555555556 0.0671875
1 0.8958333333333334 0.1859375 0.09166666666666666 0.053125
1 0.7013888888888888 0.18046875 0.10833333333333334 0.0609375
