1 0.33125 0.8770833333333333 0.38125 0.24583333333333332
1 0.6515625 0.928125 0.171875 0.14375
1 0.8796875 0.6291666666666667 0.240625 0.35833333333333334
1 0.83671875 0.5416666666666666 0.1453125 0.2625
1 0.66015625 0.47708333333333336 0.1328125 0.2
1 0.94609375 0.4 0.0953125 0.13333333333333333
1 0.8203125 0.2833333333333333 0.103125 0.18333333333333332
1 0.775 0.42291666666666666 0.0875 0.16666666666666666
1 0.81171875 0.43125 0.1015625 0.1625
1 0.55859375 0.30416666666666664 0.1109375 0.2833333333333333
1 0.23515625 0.7802083333333333 0.2390625 0.4395833333333333
1 0.1 0.49270833333333336 0.15 0.38125
1 0.228125 0.421875 0.103125 0.4895833333333333
1 0.3265625 0.4114583333333333 0.09375 0.50625
1 0.43359375 0.4041666666666667 0.1140625 0.42083333333333334
1 0.1359375 0.346875 0.109375 0.38125
1 0.03515625 0.3145833333333333 0.0671875 0.2625
1 0.70234375 0.33229166666666665 0.1609375 0.33125
1 0.640625 0.41354166666666664 0.134375 0.18541666666666667
1 0.5109375 0.5583333333333333 0.190625 0.3958333333333333
