1 0.515625 0.5165745856353591 0.38125 0.49171270718232046
1 0.81328125 0.5773480662983426 0.2796875 0.6353591160220995
1 0.1578125 0.5930018416206262 0.284375 0.7697974217311234
1 0.2484375 0.4585635359116022 0.203125 0.5303867403314917
1 0.934375 0.31583793738489874 0.13125 0.141804788213628
1 0.6859375 0.30662983425414364 0.140625 0.13443830570902393
1 0.5546875 0.30478821362799263 0.121875 0.12338858195211787
1 0.3890625 0.1279926335174954 0.0875 0.10128913443830571
1 0.125 0.19797421731123388 0.14375 0.19337016574585636
1 0.86640625 0.13075506445672191 0.0859375 0.12154696132596685
1 0.30703125 0.13812154696132597 0.0578125 0.07734806629834254
1 0.20859375 0.11970534069981584 0.0859375 0.10681399631675875
