1 0.51640625 0.6020833333333333 0.1140625 0.3416666666666667
1 0.46171875 0.41875 0.1015625 0.2625
1 0.30703125 0.4114583333333333 0.0890625 0.19791666666666666
1 0.36796875 0.38229166666666664 0.0671875 0.21458333333333332
1 0.34296875 0.35520833333333335 0.0453125 0.20625
1 0.67421875 0.36354166666666665 0.0765625 0.21041666666666667
1 0.7328125 0.42916666666666664 0.109375 0.22083333333333333
1 0.88515625 0.35 0.0703125 0.2
1 0.559375 0.3 0.04375 0.09583333333333334
1 0.6234375 0.3072916666666667 0.046875 0.10625
1 0.6640625 0.30416666666666664 0.028125 0.09583333333333334
