1 0.5015625 0.5901639344262295 0.234375 0.48243559718969553
1 0.21796875 0.6826697892271663 0.2734375 0.33489461358313816
1 0.58828125 0.5831381733021077 0.0578125 0.12177985948477751
1 0.65625 0.585480093676815 0.065625 0.1405152224824356
1 0.77578125 0.5737704918032787 0.0859375 0.12646370023419204
1 0.853125 0.5761124121779859 0.078125 0.10304449648711944
1 0.67109375 0.32786885245901637 0.0734375 0.07494145199063232
1 0.25703125 0.34660421545667447 0.0421875 0.0702576112412178
1 0.07109375 0.34543325526932084 0.0578125 0.08665105386416862
1 0.12265625 0.3372365339578454 0.0453125 0.09836065573770492
1 0.16640625 0.3594847775175644 0.0328125 0.04449648711943794
1 0.2078125 0.34192037470725994 0.046875 0.08430913348946135
1 0.30234375 0.33489461358313816 0.0453125 0.07962529274004684
1 0.35859375 0.3325526932084309 0.0515625 0.08430913348946135
1 0.40390625 0.3442622950819672 0.0328125 0.05620608899297424
1 0.45 0.33138173302107726 0.046875 0.08196721311475409
1 0.4953125 0.32435597189695553 0.0625 0.09133489461358314
1 0.74609375 0.3337236533957845 0.0453125 0.053864168618266976
1 0.79296875 0.33489461358313816 0.0359375 0.03747072599531616
1 0.84921875 0.3255269320843091 0.0421875 0.0702576112412178
1 0.925 0.3126463700234192 0.04375 0.09601873536299765
1 0.703125 0.31030444964871196 0.046875 0.09133489461358314
1 0.74765625 0.30210772833723654 0.0546875 0.07494145199063232
1 0.809375 0.3044496487119438 0.04375 0.07962529274004684
1 0.87890625 0.3126463700234192 0.0359375 0.08196721311475409
1 0.96953125 0.3091334894613583 0.0484375 0.06557377049180328
1 0.26875 0.2646370023419204 0.071875 0.0936768149882904
1 0.21171875 0.28805620608899296 0.0609375 0.08899297423887588
1 0.45234375 0.11124121779859485 0.0578125 0.18032786885245902
1 0.07421875 0.2693208430913349 0.0453125 0.07494145199063232
1 0.47578125 0.24355971896955503 0.0453125 0.07962529274004684
1 0.515625 0.24355971896955503 0.040625 0.07494145199063232
1 0.55703125 0.2388758782201405 0.0515625 0.09836065573770492
1 0.6078125 0.2939110070257611 0.053125 0.10070257611241218
1 0.6453125 0.2822014051522248 0.046875 0.09133489461358314
1 0.6953125 0.25878220140515223 0.046875 0.06791569086651054
1 0.66875 0.18618266978922718 0.0375 0.07259953161592506
1 0.70546875 0.202576112412178 0.0484375 0.07728337236533958
1 0.75234375 0.2189695550351288 0.0546875 0.08196721311475409
1 0.81171875 0.21311475409836064 0.0546875 0.09836065573770492
1 0.81953125 0.24473067915690866 0.0515625 0.06791569086651054
1 0.8875 0.25175644028103045 0.059375 0.08665105386416862
1 0.95078125 0.21779859484777517 0.0390625 0.07494145199063232
1 0.9859375 0.2189695550351288 0.028125 0.09133489461358314
1 0.90234375 0.19320843091334894 0.0453125 0.08196721311475409
1 0.84453125 0.1791569086651054 0.0484375 0.07728337236533958
1 0.89296875 0.16393442622950818 0.0515625 0.08430913348946135
1 0.55390625 0.18266978922716628 0.0546875 0.0702576112412178
1 0.2109375 0.20960187353629978 0.059375 0.08665105386416862
1 0.125 0.21194379391100704 0.059375 0.09133489461358314
1 0.16640625 0.2810304449648712 0.0390625 0.07494145199063232
1 0.11953125 0.2927400468384075 0.0609375 0.08430913348946135
1 0.3484375 0.15105386416861827 0.03125 0.10070257611241218
1 0.40703125 0.1522248243559719 0.0453125 0.117096018735363
1 0.3703125 0.11124121779859485 0.046875 0.16159250585480095
1 0.290625 0.117096018735363 0.06875 0.22950819672131148
