7 0.4975 0.3931297709923664 0.965 0.7786259541984732
1 0.5025 0.8263358778625954 0.035 0.1183206106870229
1 0.53 0.8072519083969466 0.04 0.15648854961832062
1 0.5825 0.8072519083969466 0.05 0.16412213740458015
1 0.70125 0.799618320610687 0.0425 0.1717557251908397
1 0.74 0.8091603053435115 0.04 0.1450381679389313
1 0.77875 0.7958015267175572 0.0375 0.1183206106870229
1 0.85125 0.8091603053435115 0.0225 0.1297709923664122
1 0.88 0.8206106870229007 0.03 0.11450381679389313
1 0.89625 0.8072519083969466 0.0275 0.14885496183206107
1 0.93 0.8110687022900763 0.03 0.13358778625954199
