7 0.511 0.5741758241758241 0.978 0.4945054945054945
1 0.069 0.7335164835164835 0.086 0.25824175824175827
1 0.682 0.8832417582417582 0.128 0.23351648351648352
1 0.888 0.75 0.132 0.34065934065934067
1 0.867 0.48214285714285715 0.074 0.21153846153846154
1 0.768 0.42857142857142855 0.116 0.2857142857142857
1 0.648 0.29945054945054944 0.088 0.25274725274725274
1 0.585 0.28846153846153844 0.054 0.13186813186813187
1 0.97 0.6373626373626373 0.06 0.31868131868131866
1 0.492 0.3282967032967033 0.072 0.06868131868131869
