7 0.501 0.5675675675675675 0.994 0.43243243243243246
1 0.956 0.7987987987987988 0.088 0.4024024024024024
1 0.547 0.7942942942942943 0.138 0.4114114114114114
1 0.421 0.4954954954954955 0.046 0.21621621621621623
1 0.472 0.5045045045045045 0.056 0.21021021021021022
1 0.535 0.5165165165165165 0.058 0.16816816816816818
1 0.598 0.6216216216216216 0.068 0.37237237237237236
1 0.722 0.7852852852852853 0.084 0.4294294294294294
1 0.717 0.56006006006006 0.102 0.16516516516516516
1 0.352 0.47297297297297297 0.068 0.1891891891891892
