7 0.4558333333333333 0.40437158469945356 0.895 0.2677595628415301
1 0.19 0.8073770491803278 0.08666666666666667 0.38524590163934425
1 0.42083333333333334 0.6994535519125683 0.08166666666666667 0.26229508196721313
1 0.5366666666666666 0.6680327868852459 0.043333333333333335 0.1830601092896175
1 0.8866666666666667 0.6816939890710383 0.05 0.2103825136612022
1 0.7333333333333333 0.6653005464480874 0.03666666666666667 0.16666666666666666
1 0.7733333333333333 0.6680327868852459 0.043333333333333335 0.1830601092896175
1 0.6916666666666667 0.662568306010929 0.043333333333333335 0.1830601092896175
1 0.83 0.6844262295081968 0.04666666666666667 0.20491803278688525
1 0.5866666666666667 0.657103825136612 0.043333333333333335 0.1830601092896175
1 0.65 0.657103825136612 0.043333333333333335 0.1830601092896175
1 0.6091666666666666 0.7131147540983607 0.045 0.2459016393442623
1 0.9491666666666667 0.8073770491803278 0.085 0.3633879781420765
