1 0.094 0.7515060240963856 0.064 0.2560240963855422
1 0.322 0.7198795180722891 0.048 0.18072289156626506
1 0.283 0.7093373493975904 0.038 0.1536144578313253
1 0.236 0.7018072289156626 0.028 0.12650602409638553
1 0.159 0.7048192771084337 0.034 0.12048192771084337
1 0.191 0.7003012048192772 0.026 0.12349397590361445
1 0.216 0.7048192771084337 0.028 0.14457831325301204
1 0.05 0.7259036144578314 0.04 0.16265060240963855
1 0.128 0.7093373493975904 0.024 0.1355421686746988
1 0.607 0.1897590361445783 0.062 0.2469879518072289
1 0.674 0.2213855421686747 0.072 0.2319277108433735
1 0.754 0.2756024096385542 0.1 0.39457831325301207
1 0.901 0.3463855421686747 0.142 0.5
7 0.548 0.34789156626506024 0.904 0.5271084337349398
