7 0.32125 0.45962732919254656 0.6375 0.4906832298136646
1 0.23 0.7220496894409938 0.105 0.38819875776397517
1 0.295 0.7298136645962733 0.08 0.39751552795031053
1 0.355 0.7236024844720497 0.08 0.39751552795031053
1 0.4325 0.7298136645962733 0.08 0.39751552795031053
1 0.51 0.7360248447204969 0.07 0.38509316770186336
1 0.57875 0.7360248447204969 0.0675 0.36645962732919257
1 0.6325 0.7329192546583851 0.055 0.36024844720496896
1 0.695 0.7282608695652174 0.065 0.35714285714285715
1 0.7575 0.7251552795031055 0.065 0.35714285714285715
1 0.8275 0.734472049689441 0.065 0.35714285714285715
