7 0.4809090909090909 0.3869209809264305 0.9509090909090909 0.7683923705722071
1 0.49727272727272726 0.8065395095367848 0.038181818181818185 0.11989100817438691
1 0.5309090909090909 0.7874659400544959 0.04 0.15803814713896458
1 0.58 0.7915531335149864 0.04363636363636364 0.16076294277929154
1 0.6918181818181818 0.779291553133515 0.045454545454545456 0.16348773841961853
1 0.7363636363636363 0.7901907356948229 0.03636363636363636 0.1362397820163488
1 0.7772727272727272 0.7970027247956403 0.04909090909090909 0.1880108991825613
1 0.8490909090909091 0.7929155313351499 0.02909090909090909 0.1307901907356948
1 0.8736363636363637 0.8024523160762943 0.02 0.11171662125340599
1 0.8918181818181818 0.7888283378746594 0.03090909090909091 0.1444141689373297
1 0.9245454545454546 0.7915531335149864 0.02727272727272727 0.1226158038147139
