7 0.3347222222222222 0.4792207792207792 0.26055555555555554 0.15497835497835497
5 0.5666666666666667 0.7350649350649351 0.4311111111111111 0.5281385281385281
5 0.3616666666666667 0.3956709956709957 0.028888888888888888 0.10735930735930736
5 0.9597222222222223 0.38831168831168833 0.07611111111111112 0.07878787878787878
5 0.7166666666666667 0.3359307359307359 0.021111111111111112 0.03636363636363636
5 0.3233333333333333 0.3333333333333333 0.012222222222222223 0.03636363636363636
5 0.5358333333333334 0.29004329004329005 0.02277777777777778 0.02943722943722944
5 0.6027777777777777 0.3038961038961039 0.017777777777777778 0.0380952380952381
5 0.7108333333333333 0.27056277056277056 0.026111111111111113 0.030303030303030304
5 0.4625 0.2800865800865801 0.021666666666666667 0.025108225108225107
5 0.06138888888888889 0.3077922077922078 0.019444444444444445 0.02857142857142857
5 0.09277777777777778 0.28614718614718615 0.015555555555555555 0.033766233766233764
5 0.1475 0.2787878787878788 0.015 0.02077922077922078
5 0.31027777777777776 0.30822510822510824 0.01611111111111111 0.024242424242424242
