3 0.119375 0.3717228464419476 0.08625 0.08426966292134831
3 0.125625 0.5337078651685393 0.09125 0.04119850187265917
3 0.159375 0.6142322097378277 0.06875 0.04119850187265917
3 0.25625 0.549625468164794 0.0825 0.06554307116104868
3 0.2625 0.7780898876404494 0.0925 0.03932584269662921
3 0.316875 0.6544943820224719 0.07875 0.054307116104868915
3 0.421875 0.4363295880149813 0.07875 0.0449438202247191
3 0.38375 0.37359550561797755 0.0975 0.04681647940074907
3 0.593125 0.550561797752809 0.08125 0.06741573033707865
3 0.490625 0.7462546816479401 0.08625 0.054307116104868915
3 0.761875 0.5758426966292135 0.08625 0.05056179775280899
3 0.81625 0.5280898876404494 0.075 0.0599250936329588
3 0.895 0.49625468164794007 0.11 0.0599250936329588
3 0.90375 0.3333333333333333 0.085 0.07116104868913857
