3 0.307675341861491 0.82421875 0.06219673577415086 0.1625
3 0.2631230701367446 0.839453125 0.026025584472871635 0.06015625
3 0.4225849139832378 0.71640625 0.12704014115571238 0.2875
3 0.3105425672695192 0.603515625 0.14203793559770622 0.13203125
3 0.3553153947948831 0.56328125 0.10630789589766211 0.0859375
3 0.4534627260696956 0.19453125 0.5408028231142479 0.3875
3 0.5628584031760036 0.809375 0.0599911777679753 0.10625
3 0.6290251433612704 0.886328125 0.07587119541243935 0.03828125
3 0.6243934715483017 0.949609375 0.07101896779885311 0.04609375
3 0.7756947507719453 0.826171875 0.0674900749889722 0.03828125
3 0.8204675782973092 0.76640625 0.0458756065284517 0.065625
3 0.8903837670930745 0.83828125 0.04278782531980591 0.025
