3 0.06323529411764706 0.07708333333333334 0.09411764705882353 0.15
3 0.2926470588235294 0.17604166666666668 0.23529411764705882 0.34791666666666665
3 0.7 0.46145833333333336 0.3 0.5729166666666666
3 0.6948529411764706 0.6364583333333333 0.0661764705882353 0.12708333333333333
3 0.9411764705882353 0.265625 0.061764705882352944 0.07708333333333334
3 0.19264705882352942 0.7354166666666667 0.12058823529411765 0.14583333333333334
3 0.2426470588235294 0.9375 0.08823529411764706 0.125
3 0.4551470588235294 0.815625 0.48676470588235293 0.36875
3 0.5102941176470588 0.7614583333333333 0.16470588235294117 0.21041666666666667
3 0.4852941176470588 0.6354166666666666 0.07058823529411765 0.09583333333333334
3 0.6794117647058824 0.803125 0.08529411764705883 0.18125
