5 0.4032258064516129 0.8373134328358209 0.13261648745519714 0.11641791044776119
5 0.39336917562724016 0.5492537313432836 0.22043010752688172 0.1791044776119403
5 0.6227598566308243 0.41044776119402987 0.13082437275985664 0.12238805970149254
5 0.7258064516129032 0.5477611940298508 0.21863799283154123 0.19402985074626866
5 0.671146953405018 0.8223880597014925 0.11648745519713262 0.12835820895522387
5 0.9336917562724014 0.39552238805970147 0.07168458781362007 0.06865671641791045
5 0.3951612903225806 0.3119402985074627 0.22759856630824374 0.1701492537313433
5 0.6577060931899642 0.1865671641791045 0.0967741935483871 0.08059701492537313
5 0.09587813620071685 0.48656716417910445 0.12365591397849462 0.0955223880597015
5 0.12903225806451613 0.3253731343283582 0.1039426523297491 0.0955223880597015
