5 0.475 0.5513888888888889 0.0828125 0.18055555555555555
5 0.044921875 0.5118055555555555 0.08828125 0.1597222222222222
5 0.144921875 0.33958333333333335 0.03828125 0.0625
5 0.939453125 0.4895833333333333 0.12109375 0.1763888888888889
5 0.838671875 0.3229166666666667 0.03671875 0.0625
5 0.500390625 0.3215277777777778 0.02578125 0.0625
7 0.13359375 0.8354166666666667 0.084375 0.07361111111111111
7 0.243359375 0.83125 0.08515625 0.08472222222222223
7 0.2671875 0.7979166666666667 0.0765625 0.05416666666666667
7 0.3828125 0.8090277777777778 0.0796875 0.07916666666666666
7 0.60390625 0.8416666666666667 0.3453125 0.125
7 0.808984375 0.8319444444444445 0.07265625 0.07777777777777778
7 0.88203125 0.7993055555555556 0.059375 0.05416666666666667
7 0.925 0.8354166666666667 0.06875 0.08194444444444444
5 0.207421875 0.23194444444444445 0.03359375 0.044444444444444446
