0 0.06655290102389079 0.6090909090909091 0.051194539249146756 0.14545454545454545
0 0.12457337883959044 0.6045454545454545 0.051194539249146756 0.18181818181818182
0 0.1962457337883959 0.5477272727272727 0.09215017064846416 0.2681818181818182
0 0.2781569965870307 0.5840909090909091 0.051194539249146756 0.21363636363636362
0 0.31399317406143346 0.6 0.07508532423208192 0.2909090909090909
0 0.38054607508532423 0.5727272727272728 0.07167235494880546 0.23636363636363636
0 0.4658703071672355 0.575 0.09215017064846416 0.2318181818181818
0 0.6382252559726962 0.41818181818181815 0.19795221843003413 0.5909090909090909
0 0.810580204778157 0.5977272727272728 0.08532423208191127 0.18636363636363637
0 0.9061433447098977 0.5113636363636364 0.17406143344709898 0.39545454545454545
