0 0.025 0.5835509138381201 0.04666666666666667 0.206266318537859
0 0.07916666666666666 0.5809399477806788 0.075 0.22193211488250653
0 0.12 0.6122715404699739 0.05 0.15926892950391644
0 0.185 0.6057441253263708 0.07333333333333333 0.34986945169712796
0 0.2808333333333333 0.608355091383812 0.08166666666666667 0.34464751958224543
0 0.4 0.6161879895561357 0.07333333333333333 0.381201044386423
0 0.46 0.6161879895561357 0.07 0.37597911227154046
0 0.5708333333333333 0.6122715404699739 0.07833333333333334 0.31070496083550914
0 0.6408333333333334 0.6292428198433421 0.11166666666666666 0.381201044386423
0 0.8183333333333334 0.6044386422976501 0.15666666666666668 0.45691906005221933
1 0.17416666666666666 0.7154046997389034 0.04833333333333333 0.09399477806788512
1 0.26666666666666666 0.7245430809399478 0.056666666666666664 0.10182767624020887
1 0.3858333333333333 0.7402088772845953 0.03833333333333333 0.1174934725848564
1 0.44083333333333335 0.7362924281984334 0.03166666666666667 0.09921671018276762
1 0.5483333333333333 0.7101827676240209 0.03666666666666667 0.0835509138381201
1 0.6133333333333333 0.7558746736292428 0.043333333333333335 0.10704960835509138
1 0.8058333333333333 0.7532637075718016 0.058333333333333334 0.13315926892950392
