4 0.5247619047619048 0.5357142857142857 0.8819047619047619 0.6314285714285715
1 0.6819047619047619 0.87 0.049523809523809526 0.15142857142857144
1 0.6285714285714286 0.9071428571428571 0.0380952380952381 0.13428571428571429
1 0.5704761904761905 0.9057142857142857 0.03619047619047619 0.10857142857142857
1 0.30952380952380953 0.8671428571428571 0.047619047619047616 0.10571428571428572
1 0.8057142857142857 0.8942857142857142 0.09904761904761905 0.2057142857142857
1 0.8771428571428571 0.9357142857142857 0.06666666666666667 0.12857142857142856
1 0.9180952380952381 0.8914285714285715 0.0761904761904762 0.21142857142857144
1 0.9647619047619047 0.8785714285714286 0.07047619047619047 0.23142857142857143
1 0.13142857142857142 0.9228571428571428 0.030476190476190476 0.09142857142857143
1 0.09428571428571429 0.9085714285714286 0.05523809523809524 0.13714285714285715
1 0.1523809523809524 0.9014285714285715 0.030476190476190476 0.12857142857142856
1 0.02 0.94 0.03619047619047619 0.10285714285714286
