0 0.8467741935483871 0.6150121065375302 0.1032258064516129 0.30024213075060535
0 0.6508064516129032 0.6380145278450363 0.12419354838709677 0.2639225181598063
0 0.5620967741935484 0.6440677966101694 0.0467741935483871 0.18401937046004843
0 0.4830645161290323 0.6440677966101694 0.08548387096774193 0.2179176755447942
0 0.3088709677419355 0.6501210653753027 0.09193548387096774 0.22033898305084745
0 0.23951612903225805 0.652542372881356 0.09516129032258064 0.21549636803874092
0 0.12016129032258065 0.6501210653753027 0.09838709677419355 0.22033898305084745
0 0.05725806451612903 0.6658595641646489 0.08225806451612903 0.20823244552058112
0 0.1814516129032258 0.6428571428571429 0.06612903225806452 0.23486682808716708
0 0.37661290322580643 0.6428571428571429 0.06290322580645161 0.23002421307506055
0 0.4153225806451613 0.6343825665859564 0.07258064516129033 0.25181598062953997
