0 0.2989949748743719 0.6112531969309463 0.2730318257956449 0.6854219948849105
0 0.7160804020100503 0.4079283887468031 0.08542713567839195 0.3554987212276215
0 0.8609715242881072 0.4718670076726343 0.12395309882747069 0.340153452685422
0 0.6415410385259631 0.30818414322250637 0.03350083752093802 0.10997442455242967
0 0.5108877721943048 0.31841432225063937 0.03015075376884422 0.13043478260869565
0 0.45309882747068675 0.2659846547314578 0.04522613065326633 0.17902813299232737
0 0.24288107202680068 0.24680306905370844 0.023450586264656615 0.08951406649616368
0 0.10469011725293133 0.27621483375959077 0.02847571189279732 0.08695652173913043
0 0.3961474036850921 0.30179028132992325 0.021775544388609715 0.08695652173913043
0 0.7939698492462312 0.3350383631713555 0.04355108877721943 0.06649616368286446
0 0.09212730318257957 0.2340153452685422 0.020100502512562814 0.058823529411764705
