0 0.293 0.4517857142857143 0.246 0.7392857142857143
0 0.725 0.4392857142857143 0.194 0.8714285714285714
1 0.307 0.7178571428571429 0.022 0.05714285714285714
1 0.276 0.7196428571428571 0.02 0.04642857142857143
1 0.25 0.725 0.024 0.05714285714285714
1 0.22 0.7285714285714285 0.028 0.06428571428571428
1 0.197 0.7589285714285714 0.026 0.060714285714285714
1 0.178 0.7642857142857142 0.016 0.07142857142857142
1 0.756 0.7678571428571429 0.04 0.10714285714285714
1 0.789 0.7482142857142857 0.03 0.09642857142857143
1 0.705 0.7714285714285715 0.042 0.1
