0 0.2792307692307692 0.4542483660130719 0.3030769230769231 0.6339869281045751
0 0.49923076923076926 0.5315904139433552 0.18307692307692308 0.4139433551198257
0 0.6592307692307692 0.5708061002178649 0.1276923076923077 0.2962962962962963
0 0.77 0.5816993464052288 0.09692307692307692 0.25272331154684097
1 0.3346153846153846 0.6666666666666666 0.03538461538461538 0.0784313725490196
1 0.28692307692307695 0.6721132897603486 0.038461538461538464 0.0718954248366013
1 0.23923076923076922 0.6862745098039216 0.026153846153846153 0.06971677559912855
1 0.19 0.7037037037037037 0.04461538461538461 0.06535947712418301
1 0.21307692307692308 0.6851851851851852 0.02923076923076923 0.06753812636165578
1 0.2569230769230769 0.6808278867102396 0.018461538461538463 0.0718954248366013
1 0.45076923076923076 0.6830065359477124 0.021538461538461538 0.06318082788671024
1 0.4684615384615385 0.6873638344226579 0.02923076923076923 0.04139433551198257
1 0.49615384615384617 0.6688453159041394 0.02923076923076923 0.06535947712418301
