0 0.15182186234817813 0.5231854838709677 0.07692307692307693 0.2762096774193548
0 0.1815114709851552 0.4778225806451613 0.06342780026990553 0.2217741935483871
0 0.21794871794871795 0.46169354838709675 0.0310391363022942 0.14112903225806453
0 0.29622132253711203 0.4848790322580645 0.08502024291497975 0.42943548387096775
0 0.354251012145749 0.4788306451612903 0.07692307692307693 0.25201612903225806
0 0.45614035087719296 0.5020161290322581 0.10796221322537113 0.5241935483870968
0 0.636302294197031 0.5020161290322581 0.13360323886639677 0.5887096774193549
0 0.791497975708502 0.4747983870967742 0.04723346828609987 0.21975806451612903
0 0.8367071524966262 0.4637096774193548 0.048582995951417005 0.1975806451612903
0 0.7260458839406208 0.46169354838709675 0.043184885290148446 0.22580645161290322
