0 0.13833333333333334 0.4713603818615752 0.21666666666666667 0.47494033412887826
0 0.8941666666666667 0.4343675417661098 0.14166666666666666 0.6539379474940334
0 0.7141666666666666 0.4498806682577566 0.18166666666666667 0.6229116945107399
1 0.20416666666666666 0.6443914081145584 0.025 0.06682577565632458
0 0.39416666666666667 0.5107398568019093 0.145 0.45346062052505964
0 0.31833333333333336 0.5035799522673031 0.12 0.40572792362768495
0 0.2808333333333333 0.5047732696897375 0.10166666666666667 0.38902147971360385
0 0.24 0.5083532219570406 0.1 0.3627684964200477
0 0.5316666666666666 0.4713603818615752 0.14 0.5035799522673031
0 0.48833333333333334 0.4737470167064439 0.10666666666666667 0.47494033412887826
