0 0.234 0.5537848605577689 0.236 0.6533864541832669
0 0.5233333333333333 0.548804780876494 0.284 0.7111553784860558
0 0.10933333333333334 0.46215139442231074 0.042666666666666665 0.11952191235059761
1 0.362 0.7659362549800797 0.052 0.1892430278884462
1 0.14133333333333334 0.8197211155378487 0.04533333333333334 0.14940239043824702
1 0.184 0.8097609561752988 0.056 0.1454183266932271
1 0.6586666666666666 0.7569721115537849 0.088 0.17928286852589642
1 0.7373333333333333 0.6962151394422311 0.050666666666666665 0.17729083665338646
1 0.552 0.7211155378486056 0.056 0.11952191235059761
1 0.8306666666666667 0.646414342629482 0.050666666666666665 0.09760956175298804
