0 0.42833333333333334 0.470625 0.5166666666666667 0.76375
0 0.8191666666666667 0.721875 0.051666666666666666 0.11125
0 0.9645833333333333 0.71375 0.0525 0.115
1 0.3875 0.780625 0.025 0.04625
1 0.5 0.763125 0.02666666666666667 0.05625
1 0.5229166666666667 0.773125 0.014166666666666666 0.02875
1 0.5466666666666666 0.774375 0.01 0.02625
1 0.5595833333333333 0.7725 0.014166666666666666 0.0275
1 0.5345833333333333 0.77375 0.009166666666666667 0.025
1 0.5779166666666666 0.76375 0.015833333333333335 0.0375
1 0.5879166666666666 0.765 0.0125 0.035
1 0.6225 0.761875 0.015 0.04375
