9 0.23880208333333333 0.4979166666666667 0.4765625 0.5858333333333333
9 0.4671875 0.27791666666666665 0.28020833333333334 0.17416666666666666
9 0.5166666666666667 0.08916666666666667 0.42604166666666665 0.16666666666666666
9 0.5783854166666667 0.76125 0.3255208333333333 0.4075
9 0.33671875 0.8029166666666666 0.3411458333333333 0.39416666666666667
9 0.8151041666666666 0.5154166666666666 0.3697916666666667 0.3025
9 0.19557291666666668 0.22708333333333333 0.3359375 0.1975
9 0.3802083333333333 0.35 0.303125 0.155
9 0.09661458333333334 0.8375 0.19114583333333332 0.19666666666666666
9 0.13567708333333334 0.5566666666666666 0.2703125 0.19333333333333333
9 0.34348958333333335 0.4791666666666667 0.16614583333333333 0.11666666666666667
9 0.3296875 0.8570833333333333 0.20729166666666668 0.2325
9 0.88125 0.8525 0.2375 0.2916666666666667
9 0.3692708333333333 0.057916666666666665 0.2625 0.1075
