2 0.5733333333333334 0.32741116751269034 0.61 0.40609137055837563
1 0.3825 0.8083756345177665 0.11166666666666666 0.2918781725888325
1 0.2941666666666667 0.5177664974619289 0.06166666666666667 0.17258883248730963
1 0.24 0.516497461928934 0.06333333333333334 0.1751269035532995
1 0.13583333333333333 0.5545685279187818 0.07833333333333334 0.21065989847715735
1 0.19833333333333333 0.8515228426395939 0.07666666666666666 0.2563451776649746
1 0.225 0.916243654822335 0.08 0.15736040609137056
1 0.31666666666666665 0.9073604060913706 0.10666666666666667 0.18527918781725888
1 0.5625 0.34390862944162437 0.028333333333333332 0.06345177664974619
1 0.8133333333333334 0.3032994923857868 0.04666666666666667 0.10913705583756345
