7 0.340625 0.49722222222222223 0.171875 0.29444444444444445
7 0.24453125 0.3958333333333333 0.1578125 0.19166666666666668
7 0.50078125 0.7166666666666667 0.2453125 0.45555555555555555
7 0.66875 0.4986111111111111 0.1875 0.24166666666666667
7 0.7515625 0.3888888888888889 0.15625 0.18333333333333332
7 0.49609375 0.29305555555555557 0.1234375 0.11388888888888889
7 0.59140625 0.2625 0.0765625 0.09722222222222222
7 0.64453125 0.2361111111111111 0.0859375 0.07222222222222222
7 0.40703125 0.2569444444444444 0.1015625 0.09722222222222222
7 0.34375 0.23333333333333334 0.09375 0.08888888888888889
7 0.48984375 0.20555555555555555 0.0640625 0.05555555555555555
7 0.55546875 0.19444444444444445 0.0515625 0.03888888888888889
7 0.60703125 0.18055555555555555 0.0453125 0.03333333333333333
7 0.42578125 0.2 0.0453125 0.03888888888888889
