2 0.06396484375 0.6279239766081871 0.1201171875 0.20029239766081872
2 0.5185546875 0.8779239766081871 0.2421875 0.17690058479532164
2 0.6591796875 0.6366959064327485 0.26171875 0.1827485380116959
2 0.87548828125 0.5906432748538012 0.1416015625 0.13157894736842105
2 0.8173828125 0.5 0.095703125 0.11403508771929824
2 0.63525390625 0.44371345029239767 0.0576171875 0.05116959064327485
8 0.908203125 0.266812865497076 0.173828125 0.1652046783625731
5 0.38427734375 0.3669590643274854 0.4443359375 0.6491228070175439
8 0.935546875 0.22953216374269006 0.0625 0.09941520467836257
8 0.9794921875 0.24561403508771928 0.041015625 0.11403508771929824
