2 0.48333333333333334 0.6652777777777777 0.9611111111111111 0.425
2 0.513425925925926 0.46944444444444444 0.8101851851851852 0.425
1 0.7069444444444445 0.7 0.05462962962962963 0.1111111111111111
1 0.5578703703703703 0.6520833333333333 0.026851851851851852 0.09305555555555556
1 0.3611111111111111 0.6708333333333333 0.027777777777777776 0.09722222222222222
1 0.3263888888888889 0.6416666666666667 0.025 0.11388888888888889
1 0.35833333333333334 0.5909722222222222 0.022222222222222223 0.07083333333333333
1 0.4050925925925926 0.6305555555555555 0.030555555555555555 0.06111111111111111
1 0.33240740740740743 0.58125 0.02962962962962963 0.0625
1 0.3453703703703704 0.6472222222222223 0.025925925925925925 0.10277777777777777
1 0.9282407407407407 0.6868055555555556 0.025 0.0625
1 0.9365740740740741 0.6555555555555556 0.028703703703703703 0.058333333333333334
1 0.9407407407407408 0.6291666666666667 0.03148148148148148 0.06666666666666667
1 0.8925925925925926 0.6694444444444444 0.020370370370370372 0.06388888888888888
