7 0.19891327509056042 0.14166666666666666 0.19965906669507777 0.1409090909090909
7 0.314404432132964 0.31799242424242424 0.19795440017046664 0.1125
7 0.40634988280417644 0.5045454545454545 0.17771148519070956 0.15151515151515152
7 0.5584913701257191 0.6625 0.17046665246111228 0.12651515151515152
7 0.567121244406563 0.5198863636363636 0.17707223524398039 0.10416666666666667
7 0.46963562753036436 0.3571969696969697 0.18964415086298742 0.12196969696969696
7 0.4182825484764543 0.13465909090909092 0.20455998295333475 0.1337121212121212
7 0.6873002343916471 0.3725378787878788 0.18730023439164714 0.11477272727272728
7 0.6537396121883656 0.1043560606060606 0.19177498401875134 0.09734848484848485
7 0.8861069678244193 0.14867424242424243 0.19838056680161945 0.0981060606060606
