1 0.5565217391304348 0.52890625 0.30434782608695654 0.6921875
1 0.28043478260869564 0.2828125 0.14782608695652175 0.115625
1 0.6684782608695652 0.275 0.1282608695652174 0.084375
1 0.8336956521739131 0.29296875 0.1673913043478261 0.1109375
1 0.9152173913043479 0.1640625 0.16956521739130434 0.1375
1 0.7641304347826087 0.16171875 0.15 0.1390625
1 0.5847826086956521 0.16640625 0.1782608695652174 0.1328125
1 0.4358695652173913 0.16875 0.15 0.121875
1 0.2847826086956522 0.1734375 0.15217391304347827 0.125
1 0.10652173913043478 0.15390625 0.19130434782608696 0.1265625
1 0.057608695652173914 0.13203125 0.10652173913043478 0.1796875
1 0.1967391304347826 0.13125 0.15434782608695652 0.153125
1 0.33369565217391306 0.115625 0.17173913043478262 0.140625
1 0.49782608695652175 0.11484375 0.15217391304347827 0.1140625
1 0.657608695652174 0.1203125 0.11521739130434783 0.103125
1 0.7956521739130434 0.11875 0.10434782608695652 0.09375
1 0.9228260869565217 0.10390625 0.15434782608695652 0.1046875
1 0.9010869565217391 0.06171875 0.14130434782608695 0.1171875
1 0.7608695652173914 0.0578125 0.14782608695652175 0.1125
1 0.6184782608695653 0.0546875 0.15434782608695652 0.10625
1 0.45543478260869563 0.0546875 0.13695652173913042 0.10625
1 0.3173913043478261 0.05703125 0.17391304347826086 0.1109375
1 0.14891304347826087 0.05390625 0.13695652173913042 0.1046875
