1 0.44609375 0.36164383561643837 0.0421875 0.09315068493150686
1 0.484375 0.3726027397260274 0.040625 0.07123287671232877
1 0.55859375 0.3958904109589041 0.0484375 0.0410958904109589
1 0.66015625 0.29863013698630136 0.0265625 0.043835616438356165
1 0.75234375 0.363013698630137 0.0296875 0.052054794520547946
1 0.7875 0.363013698630137 0.028125 0.052054794520547946
1 0.91015625 0.3726027397260274 0.0703125 0.09863013698630137
1 0.07890625 0.32465753424657534 0.0359375 0.0684931506849315
1 0.0140625 0.3589041095890411 0.025 0.06027397260273973
1 0.11875 0.3315068493150685 0.03125 0.043835616438356165
1 0.22265625 0.34657534246575344 0.0265625 0.04657534246575343
1 0.26953125 0.3424657534246575 0.0390625 0.06575342465753424
1 0.246875 0.3424657534246575 0.028125 0.043835616438356165
1 0.7765625 0.3 0.028125 0.030136986301369864
