1 0.3609375 0.6513888888888889 0.121875 0.44166666666666665
1 0.1640625 0.2722222222222222 0.0375 0.1388888888888889
1 0.06875 0.22361111111111112 0.05 0.1638888888888889
1 0.0265625 0.21666666666666667 0.040625 0.15555555555555556
1 0.5890625 0.4083333333333333 0.115625 0.5777777777777777
1 0.69140625 0.3736111111111111 0.0703125 0.23055555555555557
1 0.43984375 0.23333333333333334 0.0609375 0.18333333333333332
1 0.2875 0.22083333333333333 0.025 0.075
1 0.31484375 0.21388888888888888 0.0203125 0.06666666666666667
1 0.35234375 0.20694444444444443 0.0328125 0.10833333333333334
1 0.896875 0.30972222222222223 0.053125 0.14722222222222223
1 0.9609375 0.3138888888888889 0.078125 0.26666666666666666
1 0.67578125 0.24583333333333332 0.0203125 0.08055555555555556
1 0.64921875 0.24722222222222223 0.0296875 0.08333333333333333
