1 0.5516393442622951 0.62734375 0.16885245901639345 0.5828125
1 0.8877049180327868 0.6 0.22459016393442624 0.509375
1 0.6860655737704918 0.47109375 0.07377049180327869 0.2609375
1 0.7967213114754098 0.4765625 0.09836065573770492 0.240625
1 0.7155737704918033 0.45234375 0.06393442622950819 0.2609375
1 0.6237704918032787 0.4953125 0.08360655737704918 0.259375
1 0.34508196721311474 0.5546875 0.1360655737704918 0.25625
1 0.28770491803278686 0.5109375 0.11311475409836065 0.253125
1 0.4065573770491803 0.5015625 0.07213114754098361 0.30625
1 0.4483606557377049 0.525 0.06721311475409836 0.221875
1 0.2901639344262295 0.42734375 0.08524590163934426 0.2015625
1 0.36311475409836064 0.39609375 0.06393442622950819 0.0859375
1 0.47540983606557374 0.4921875 0.05573770491803279 0.253125
