1 0.15703125 0.6241217798594848 0.3046875 0.7517564402810304
1 0.39296875 0.6498829039812647 0.2453125 0.7002341920374707
1 0.67265625 0.5714285714285714 0.3015625 0.8571428571428571
1 0.871875 0.6159250585480094 0.184375 0.7681498829039812
1 0.94453125 0.5866510538641686 0.1109375 0.8126463700234192
1 0.8390625 0.3524590163934426 0.240625 0.38173302107728335
1 0.48046875 0.5971896955503513 0.1921875 0.8056206088992974
1 0.06640625 0.4531615925058548 0.1109375 0.16627634660421545
1 0.41484375 0.36065573770491804 0.1015625 0.2388758782201405
1 0.5625 0.33138173302107726 0.071875 0.1053864168618267
1 0.24296875 0.40749414519906324 0.0921875 0.1451990632318501
