1 0.30234375 0.744131455399061 0.1203125 0.49295774647887325
1 0.546875 0.6866197183098591 0.11875 0.34507042253521125
1 0.65546875 0.7241784037558685 0.1859375 0.5093896713615024
1 0.0453125 0.8321596244131455 0.06875 0.3075117370892019
1 0.10859375 0.8650234741784038 0.0484375 0.24647887323943662
1 0.14921875 0.8556338028169014 0.0390625 0.2652582159624413
1 0.17578125 0.8403755868544601 0.0359375 0.3004694835680751
1 0.78984375 0.8086854460093896 0.0734375 0.3685446009389671
1 0.84375 0.8251173708920188 0.065625 0.33098591549295775
1 0.88671875 0.8039906103286385 0.0546875 0.2323943661971831
1 0.88046875 0.8908450704225352 0.0546875 0.19953051643192488
