1 0.33671875 0.6670560747663551 0.2078125 0.6658878504672897
1 0.2375 0.7137850467289719 0.1375 0.572429906542056
1 0.5 0.7114485981308412 0.146875 0.5771028037383178
1 0.76328125 0.7044392523364486 0.1640625 0.5911214953271028
1 0.85546875 0.7324766355140186 0.1296875 0.5350467289719626
1 0.9484375 0.705607476635514 0.103125 0.5841121495327103
1 0.5765625 0.7172897196261683 0.0875 0.5186915887850467
1 0.4328125 0.5782710280373832 0.084375 0.23130841121495327
1 0.1515625 0.7628504672897196 0.128125 0.4742990654205608
1 0.0421875 0.8235981308411215 0.08125 0.3294392523364486
