1 0.4875 0.602803738317757 0.36875 0.5887850467289719
1 0.11015625 0.5420560747663551 0.0546875 0.09345794392523364
1 0.21015625 0.522196261682243 0.0984375 0.1658878504672897
1 0.67890625 0.4380841121495327 0.0828125 0.14719626168224298
1 0.7546875 0.44742990654205606 0.0875 0.1425233644859813
1 0.84765625 0.4602803738317757 0.0828125 0.14018691588785046
1 0.98359375 0.4544392523364486 0.0328125 0.11448598130841121
1 0.90078125 0.3633177570093458 0.0640625 0.12383177570093458
1 0.83359375 0.39953271028037385 0.0921875 0.1261682242990654
1 0.28125 0.4357476635514019 0.078125 0.13317757009345793
1 0.2109375 0.41705607476635514 0.078125 0.13317757009345793
1 0.11953125 0.411214953271028 0.0828125 0.13551401869158877
1 0.04375 0.43457943925233644 0.084375 0.10747663551401869
1 0.0609375 0.3621495327102804 0.075 0.11214953271028037
1 0.24140625 0.32593457943925236 0.0609375 0.10981308411214953
1 0.30859375 0.3189252336448598 0.0734375 0.0911214953271028
1 0.38125 0.3130841121495327 0.065625 0.10747663551401869
1 0.378125 0.38317757009345793 0.0625 0.102803738317757
1 0.440625 0.4252336448598131 0.071875 0.10747663551401869
1 0.45 0.32593457943925236 0.0625 0.08644859813084112
