1 0.369 0.6076923076923076 0.582 0.7582417582417582
1 0.873 0.48131868131868133 0.13 0.12307692307692308
1 0.565 0.45164835164835165 0.134 0.17362637362637362
1 0.115 0.46593406593406594 0.114 0.16263736263736264
1 0.226 0.45054945054945056 0.12 0.17142857142857143
1 0.449 0.6274725274725275 0.106 0.5032967032967033
1 0.671 0.289010989010989 0.134 0.24395604395604395
1 0.798 0.26373626373626374 0.144 0.22417582417582418
1 0.036 0.46813186813186813 0.068 0.16263736263736264
1 0.056 0.3879120879120879 0.108 0.1824175824175824
1 0.129 0.1912087912087912 0.142 0.21978021978021978
1 0.086 0.23736263736263735 0.164 0.15384615384615385
1 0.245 0.17802197802197803 0.098 0.17142857142857143
1 0.422 0.19230769230769232 0.1 0.12967032967032968
1 0.435 0.3252747252747253 0.11 0.1978021978021978
1 0.529 0.1879120879120879 0.138 0.23956043956043957
1 0.547 0.34175824175824177 0.138 0.17802197802197803
1 0.763 0.08681318681318681 0.114 0.16923076923076924
1 0.522 0.10989010989010989 0.12 0.1978021978021978
1 0.417 0.0956043956043956 0.098 0.13846153846153847
1 0.229 0.31648351648351647 0.114 0.14505494505494507
