1 0.60703125 0.49267782426778245 0.1546875 0.44142259414225943
1 0.92890625 0.6631799163179917 0.1421875 0.18828451882845187
1 0.07421875 0.49686192468619245 0.0421875 0.14435146443514643
1 0.11015625 0.5094142259414226 0.0453125 0.1192468619246862
1 0.37421875 0.448744769874477 0.0234375 0.05230125523012552
1 0.20234375 0.4445606694560669 0.0140625 0.043933054393305436
1 0.74296875 0.46338912133891214 0.0265625 0.04811715481171548
1 0.78984375 0.45397489539748953 0.0171875 0.05439330543933055
1 0.809375 0.45502092050209203 0.015625 0.056485355648535567
1 0.93828125 0.4560669456066946 0.0203125 0.03765690376569038
