1 0.314 0.824 0.124 0.192
1 0.422 0.9013333333333333 0.096 0.19733333333333333
1 0.405 0.6106666666666667 0.038 0.09066666666666667
1 0.553 0.5586666666666666 0.014 0.034666666666666665
1 0.327 0.584 0.018 0.042666666666666665
1 0.095 0.8933333333333333 0.066 0.21333333333333335
1 0.039 0.8573333333333333 0.058 0.21066666666666667
1 0.133 0.956 0.062 0.088
1 0.848 0.7226666666666667 0.064 0.08
1 0.93 0.7213333333333334 0.052 0.12533333333333332
1 0.788 0.5866666666666667 0.02 0.064
1 0.846 0.58 0.016 0.04533333333333334
1 0.903 0.596 0.022 0.056
