1 0.246875 0.5458333333333333 0.15 0.5625
1 0.61953125 0.45416666666666666 0.0640625 0.2708333333333333
1 0.728125 0.43854166666666666 0.078125 0.28958333333333336
1 0.6546875 0.4375 0.04375 0.25833333333333336
1 0.3890625 0.38958333333333334 0.065625 0.125
1 0.87578125 0.3958333333333333 0.0640625 0.225
1 0.03671875 0.45729166666666665 0.0640625 0.13125
1 0.16875 0.43020833333333336 0.071875 0.15625
1 0.303125 0.43333333333333335 0.0375 0.17916666666666667
1 0.45546875 0.37395833333333334 0.0515625 0.14791666666666667
1 0.50625 0.39895833333333336 0.05 0.08958333333333333
1 0.5328125 0.41041666666666665 0.040625 0.15833333333333333
1 0.5765625 0.421875 0.028125 0.24375
1 0.79140625 0.4625 0.0515625 0.1
1 0.8125 0.434375 0.065625 0.10625
1 0.83203125 0.4 0.0515625 0.11666666666666667
