1 0.309375 0.7104166666666667 0.140625 0.5791666666666667
1 0.08359375 0.6395833333333333 0.1578125 0.5833333333333334
1 0.11796875 0.4895833333333333 0.0953125 0.3416666666666667
1 0.24453125 0.671875 0.0828125 0.5270833333333333
1 0.59921875 0.8 0.2953125 0.4
1 0.4859375 0.7572916666666667 0.15625 0.48541666666666666
1 0.45625 0.43645833333333334 0.0875 0.33958333333333335
1 0.53046875 0.4635416666666667 0.1234375 0.36875
1 0.65703125 0.49583333333333335 0.1015625 0.4625
1 0.77265625 0.5947916666666667 0.1640625 0.7354166666666667
1 0.2828125 0.38125 0.08125 0.1
1 0.33046875 0.3614583333333333 0.0921875 0.11875
1 0.3328125 0.3875 0.115625 0.4166666666666667
1 0.55703125 0.2677083333333333 0.0859375 0.19791666666666666
1 0.7734375 0.22916666666666666 0.04375 0.0875
1 0.85546875 0.2708333333333333 0.0546875 0.18333333333333332
1 0.93203125 0.6416666666666667 0.1359375 0.4708333333333333
1 0.90546875 0.503125 0.1515625 0.50625
1 0.0328125 0.303125 0.0625 0.08958333333333333
1 0.06171875 0.25104166666666666 0.0828125 0.13541666666666666
1 0.0953125 0.30833333333333335 0.046875 0.058333333333333334
