1 0.22129436325678498 0.71640625 0.13778705636743216 0.1828125
1 0.3705636743215031 0.70859375 0.1524008350730689 0.1890625
1 0.6795407098121086 0.73828125 0.27348643006263046 0.4078125
1 0.12108559498956159 0.534375 0.10020876826722339 0.2125
1 0.2265135699373695 0.51484375 0.08977035490605428 0.2015625
1 0.3455114822546973 0.4390625 0.04801670146137787 0.0875
1 0.3173277661795407 0.43359375 0.04592901878914405 0.0859375
1 0.5187891440501043 0.4296875 0.04801670146137787 0.090625
1 0.5688935281837161 0.4375 0.05219206680584551 0.09375
1 0.4342379958246347 0.41875 0.033402922755741124 0.075
1 0.3966597077244259 0.421875 0.04592901878914405 0.075
1 0.13883089770354906 0.4171875 0.03966597077244259 0.059375
1 0.24634655532359082 0.4296875 0.04175365344467641 0.078125
1 0.278705636743215 0.428125 0.04384133611691023 0.075
1 0.6294363256784968 0.4328125 0.03966597077244259 0.078125
