1 0.21484375 0.7049180327868853 0.1359375 0.39344262295081966
1 0.3015625 0.7599531615925058 0.15625 0.30679156908665106
1 0.52734375 0.6557377049180327 0.1578125 0.4918032786885246
1 0.2453125 0.26346604215456676 0.165625 0.18501170960187355
1 0.31015625 0.24355971896955503 0.1078125 0.17798594847775176
1 0.43984375 0.18501170960187355 0.0953125 0.22482435597189696
1 0.60703125 0.1990632318501171 0.0890625 0.1686182669789227
1 0.6875 0.1873536299765808 0.065625 0.1920374707259953
1 0.7546875 0.19086651053864168 0.109375 0.21779859484777517
1 0.1140625 0.20960187353629978 0.075 0.23653395784543327
1 0.0296875 0.297423887587822 0.05625 0.1358313817330211
1 0.78203125 0.07845433255269321 0.0296875 0.06323185011709602
1 0.83984375 0.09718969555035128 0.0546875 0.07259953161592506
