3 0.46875 0.6554307116104869 0.2675 0.299625468164794
3 0.36125 0.47752808988764045 0.2025 0.12359550561797752
3 0.25625 0.3951310861423221 0.1075 0.16104868913857678
3 0.1225 0.299625468164794 0.215 0.1797752808988764
3 0.0725 0.4700374531835206 0.095 0.08614232209737828
3 0.77 0.449438202247191 0.145 0.1647940074906367
3 0.805 0.26779026217228463 0.2 0.11610486891385768
3 0.86875 0.10674157303370786 0.1225 0.20599250936329588
3 0.93 0.22284644194756553 0.13 0.12359550561797752
3 0.83375 0.6198501872659176 0.0675 0.08614232209737828
