3 0.074609375 0.181875 0.12734375 0.13875
3 0.245703125 0.204375 0.28984375 0.21875
3 0.37734375 0.300625 0.121875 0.08125
3 0.514453125 0.2975 0.11796875 0.1675
3 0.6296875 0.39375 0.090625 0.12
3 0.733984375 0.445 0.11171875 0.0975
3 0.86640625 0.445 0.121875 0.1625
3 0.77578125 0.564375 0.059375 0.08875
3 0.681640625 0.630625 0.10703125 0.17625
3 0.548828125 0.719375 0.14296875 0.15625
3 0.4171875 0.669375 0.0984375 0.16125
3 0.29296875 0.79125 0.1171875 0.1425
3 0.11484375 0.803125 0.221875 0.18375
