3 0.1725 0.5682352941176471 0.15833333333333333 0.09647058823529411
3 0.2175 0.29294117647058826 0.15833333333333333 0.09647058823529411
3 0.5383333333333333 0.1952941176470588 0.18666666666666668 0.14588235294117646
3 0.365 0.4588235294117647 0.15666666666666668 0.1411764705882353
3 0.44916666666666666 0.5541176470588235 0.15833333333333333 0.12470588235294118
3 0.5783333333333334 0.4388235294117647 0.15666666666666668 0.1011764705882353
3 0.6233333333333333 0.3623529411764706 0.15666666666666668 0.08470588235294117
3 0.6583333333333333 0.3164705882352941 0.16 0.08705882352941176
3 0.6508333333333334 0.5505882352941176 0.175 0.14588235294117646
3 0.7925 0.40941176470588236 0.15833333333333333 0.12705882352941175
